zona_basica_salud;fecha_informe;casos_confirmados_ultimos_14dias;tasa_incidencia_acumulada_ultimos_14dias;casos_confirmados_totales;tasa_incidencia_acumulada_total;codigo_geometria
Abrantes;2020/04/20 07:00:00;62;210,11;240;813,34;001
Acacias;2020/04/20 07:00:00;36;185,08;165;848,29;002
Adelfas;2020/04/20 07:00:00;30;108,3;216;779,73;003
Alameda;2020/04/20 07:00:00;48;222,81;172;798,4;004
Alameda de Osuna;2020/04/20 07:00:00;47;152,95;252;820,05;005
Alcalde Bartolomé González;2020/04/20 07:00:00;62;269,19;197;855,33;006
Alcalá de Guadaira;2020/04/20 07:00:00;32;244,99;142;1087,12;007
Alcobendas - Chopera;2020/04/20 07:00:00;38;120,14;105;331,95;008
Alcocer;2020/04/20 07:00:00;40;305,06;178;1357,54;009
Algete;2020/04/20 07:00:00;65;219,14;153;515,81;010
Alicante;2020/04/20 07:00:00;38;135,02;198;703,52;011
Almendrales;2020/04/20 07:00:00;38;138,65;193;704,17;012
Alpedrete;2020/04/20 07:00:00;30;207,86;96;665,14;013
Alpes;2020/04/20 07:00:00;83;213,7;365;939,78;014
Andrés Mellado;2020/04/20 07:00:00;70;288,36;209;860,97;015
Ángela Uriarte;2020/04/20 07:00:00;48;174,29;236;856,9;016
Antonio Leyva;2020/04/20 07:00:00;23;190,16;105;868,13;017
Aquitania;2020/04/20 07:00:00;39;165,57;189;802,38;018
Aranjuez;2020/04/20 07:00:00;47;106,43;290;656,69;019
Aravaca;2020/04/20 07:00:00;73;184,51;257;649,58;020
Arganda del Rey;2020/04/20 07:00:00;18;74,48;155;641,34;021
Arganda - Felicidad;2020/04/20 07:00:00;33;97,7;143;423,38;022
Argüelles;2020/04/20 07:00:00;32;120,83;123;464,43;023
Arroyomolinos;2020/04/20 07:00:00;40;153,32;139;532,79;024
Barajas;2020/04/20 07:00:00;26;118,45;116;528,45;025
Barcelona;2020/04/20 07:00:00;45;185,25;190;782,15;026
Barrio del Puerto;2020/04/20 07:00:00;9;64,08;66;469,95;027
Baviera;2020/04/20 07:00:00;35;238,5;187;1274,28;028
Benita de Ávila;2020/04/20 07:00:00;40;191,55;214;1024,81;029
Boadilla del Monte;2020/04/20 07:00:00;68;128,7;239;452,33;030
Brújula;2020/04/20 07:00:00;19;89,24;144;676,37;031
Buenavista;2020/04/20 07:00:00;38;161,34;176;747,25;032
Buitrago de Lozoya;2020/04/20 07:00:00;12;250;35;729,17;033
Bustarviejo;2020/04/20 07:00:00;69;325,7;268;1265,05;034
Butarque;2020/04/20 07:00:00;27;147,79;130;711,59;035
Cadalso de los Vidrios;2020/04/20 07:00:00;10;185,32;28;518,9;036
Campamento;2020/04/20 07:00:00;28;182,76;136;887,67;037
Campo Real;2020/04/20 07:00:00;18;103,08;79;452,41;038
Campo de la Paloma;2020/04/20 07:00:00;35;181,52;188;975;039
Canal de Panamá;2020/04/20 07:00:00;51;170,32;218;728,03;040
Canillejas;2020/04/20 07:00:00;55;140,64;261;667,42;041
Carabanchel Alto;2020/04/20 07:00:00;18;83,31;141;652,6;042
Caramuel;2020/04/20 07:00:00;44;180,39;190;778,98;043
Carmen Calzado;2020/04/20 07:00:00;22;132,38;188;1131,24;044
Casa de Campo;2020/04/20 07:00:00;52;391,92;274;2065,12;045
Castelló;2020/04/20 07:00:00;11;48,97;79;351,72;046
Castilla la Nueva;2020/04/20 07:00:00;41;170,09;180;746,73;047
Cea Bermúdez;2020/04/20 07:00:00;44;175,94;192;767,75;048
Cercedilla;2020/04/20 07:00:00;52;364,09;140;980,25;049
Chopera;2020/04/20 07:00:00;52;140,93;267;723,6;050
Ciempozuelos;2020/04/20 07:00:00;23;86,27;168;630,16;051
Ciudad San Pablo;2020/04/20 07:00:00;19;150,11;88;695,27;052
Ciudad de los Periodistas;2020/04/20 07:00:00;87;316,24;415;1508,49;053
Collado Mediano;2020/04/20 07:00:00;23;186,31;50;405,02;054
Collado Villalba Estación;2020/04/20 07:00:00;62;194,09;156;488,35;055
Collado Villalba Pueblo;2020/04/20 07:00:00;50;249,34;127;633,32;056
Colmenar Viejo Norte;2020/04/20 07:00:00;50;208,66;150;625,97;057
Colmenar Viejo Sur;2020/04/20 07:00:00;42;158,85;151;571,1;058
Colmenar de Oreja;2020/04/20 07:00:00;12;68,11;55;312,18;059
Comillas;2020/04/20 07:00:00;38;166,83;174;763,93;060
Cortes;2020/04/20 07:00:00;46;154,09;207;693,4;061
Coslada - Jaime Vera;2020/04/20 07:00:00;51;380,94;146;1090,53;062
Cuzco;2020/04/20 07:00:00;52;213,43;202;829,09;063
Daganzo de Arriba;2020/04/20 07:00:00;11;63,88;67;389,08;064
Daroca;2020/04/20 07:00:00;75;179,14;268;640,12;065
Dehesa Vieja;2020/04/20 07:00:00;29;105,85;105;383,25;066
Dos de Mayo;2020/04/20 07:00:00;93;253,57;279;760,72;067
Doctor Cirajas;2020/04/20 07:00:00;70;183,04;318;831,52;068
Doctor Laín Entralgo;2020/04/20 07:00:00;55;217,8;238;942,46;069
Doctor Luengo Rodríguez;2020/04/20 07:00:00;53;159,94;178;537,15;070
Doctor Tamames;2020/04/20 07:00:00;37;160,31;196;849,22;071
Doctor Trueta;2020/04/20 07:00:00;24;187,57;94;734,66;072
El Bercial;2020/04/20 07:00:00;19;131,72;59;409,04;073
El Escorial;2020/04/20 07:00:00;29;174,46;66;397,04;074
El Espinillo;2020/04/20 07:00:00;25;135,88;156;847,92;075
El Greco;2020/04/20 07:00:00;22;100,17;70;318,72;076
El Juncal;2020/04/20 07:00:00;38;134,58;229;810,99;077
El Molar;2020/04/20 07:00:00;52;159,05;122;373,16;078
El Naranjo;2020/04/20 07:00:00;28;136,11;124;602,79;079
El Pardo;2020/04/20 07:00:00;19;659,04;65;2254,6;080
El Restón;2020/04/20 07:00:00;23;58,96;219;561,41;081
El Soto;2020/04/20 07:00:00;60;308,94;191;983,47;082
Eloy Gonzalo;2020/04/20 07:00:00;58;164,46;249;706,06;083
Embajadores;2020/04/20 07:00:00;44;142,5;241;780,49;084
Ensanche Vallecas;2020/04/20 07:00:00;46;93,85;349;712,07;085
Entrevías;2020/04/20 07:00:00;31;109,12;233;820,16;086
Espronceda;2020/04/20 07:00:00;99;243,31;390;958,49;087
Estrecho de Corea;2020/04/20 07:00:00;68;213,43;314;985,53;088
Estrella;2020/04/20 07:00:00;32;220,05;152;1045,25;089
Europa;2020/04/20 07:00:00;62;307,8;259;1285,81;090
Federica Montseny;2020/04/20 07:00:00;61;275,35;368;1661,1;091
Felipe II;2020/04/20 07:00:00;34;160,39;173;816,11;092
Francia;2020/04/20 07:00:00;34;90,57;214;570,07;093
Fuencarral;2020/04/20 07:00:00;42;156,65;151;563,2;094
Fuente el Saz;2020/04/20 07:00:00;25;133,12;73;388,71;095
Fuentelarreina;2020/04/20 07:00:00;61;280,37;233;1070,92;096
Galapagar;2020/04/20 07:00:00;72;174,51;203;492,01;097
Gandhi;2020/04/20 07:00:00;29;150,31;132;684,19;098
García Noblejas;2020/04/20 07:00:00;33;140,16;158;671,08;099
General Fanjul;2020/04/20 07:00:00;51;219,66;230;990,61;100
General Moscardó;2020/04/20 07:00:00;55;276,19;232;1165,01;101
General Oráa;2020/04/20 07:00:00;39;210,24;166;894,88;102
General Ricardos;2020/04/20 07:00:00;70;252,34;264;951,69;103
Getafe Norte;2020/04/20 07:00:00;24;159,68;77;512,31;104
Goya;2020/04/20 07:00:00;128;210,61;606;997,1;105
Gregorio Marañón;2020/04/20 07:00:00;63;222,16;201;708,79;106
Griñón;2020/04/20 07:00:00;54;144,71;185;495,78;107
Guadarrama;2020/04/20 07:00:00;51;322,83;115;727,94;108
Guayaba;2020/04/20 07:00:00;26;146,15;164;921,87;109
Guzmán el Bueno;2020/04/20 07:00:00;43;184,99;201;864,74;110
Huerta de Los Frailes;2020/04/20 07:00:00;42;295,07;172;1208,37;111
Humanes de Madrid;2020/04/20 07:00:00;30;115,54;115;442,92;112
Ibiza;2020/04/20 07:00:00;69;200,02;322;933,41;113
Imperial;2020/04/20 07:00:00;51;192,64;199;751,68;114
Infanta Mercedes;2020/04/20 07:00:00;41;281,28;158;1083,97;115
Isabel II;2020/04/20 07:00:00;38;106,54;266;745,81;116
Jazmín;2020/04/20 07:00:00;32;117,72;160;588,62;117
Juan de Austria;2020/04/20 07:00:00;23;108,27;229;1078;118
Juan de la Cierva;2020/04/20 07:00:00;64;203,05;209;663,07;119
Justicia;2020/04/20 07:00:00;33;205,72;113;704,44;120
La Cabrera;2020/04/20 07:00:00;11;162,19;33;486,58;121
La Elipa;2020/04/20 07:00:00;32;234,86;128;939,45;122
La Garena;2020/04/20 07:00:00;9;133,55;46;682,59;123
La Marazuela;2020/04/20 07:00:00;28;246,13;82;720,82;124
La Moraleja;2020/04/20 07:00:00;31;125,33;108;436,65;125
La Plata;2020/04/20 07:00:00;16;61,98;160;619,82;126
La Princesa;2020/04/20 07:00:00;32;165,08;144;742,84;127
La Ribota;2020/04/20 07:00:00;36;141,75;108;425,25;128
La Ventilla;2020/04/20 07:00:00;59;259,85;287;1264,04;129
La Veredilla;2020/04/20 07:00:00;9;54,39;101;610,35;130
Las Águilas;2020/04/20 07:00:00;50;182,52;267;974,63;131
Las Américas;2020/04/20 07:00:00;14;36,48;120;312,69;132
Las Calesas;2020/04/20 07:00:00;71;236,92;270;900,96;133
Las Ciudades;2020/04/20 07:00:00;32;164,8;111;571,66;134
Las Fronteras;2020/04/20 07:00:00;27;78,32;210;609,12;135
Las Margaritas;2020/04/20 07:00:00;49;175,44;142;508,41;136
Las Matas;2020/04/20 07:00:00;15;127,46;49;416,38;137
Las Olivas;2020/04/20 07:00:00;16;83,03;98;508,56;138
Las Rozas;2020/04/20 07:00:00;59;162,4;216;594,55;139
Las Tablas;2020/04/20 07:00:00;12;37,8;116;365,4;140
Lavapiés;2020/04/20 07:00:00;34;130,72;138;530,59;141
Leganés Norte;2020/04/20 07:00:00;47;331,36;279;1967,01;142
Legazpi;2020/04/20 07:00:00;31;120,96;184;717,94;143
Londres;2020/04/20 07:00:00;41;295,75;178;1283,99;144
Los Alperchines;2020/04/20 07:00:00;33;168,79;198;1012,74;145
Los Ángeles;2020/04/20 07:00:00;44;123,87;265;746,06;146
Los Castillos;2020/04/20 07:00:00;90;418,88;318;1480,03;147
Los Cármenes;2020/04/20 07:00:00;49;169,34;181;625,52;148
Los Fresnos;2020/04/20 07:00:00;6;50,32;42;352,23;149
Los Pedroches;2020/04/20 07:00:00;72;283,43;350;1377,79;150
Los Rosales;2020/04/20 07:00:00;38;191,94;178;899,08;151
Los Yébenes;2020/04/20 07:00:00;72;195,44;292;792,62;152
Lucero;2020/04/20 07:00:00;99;243,99;373;919,29;153
Luis Vives;2020/04/20 07:00:00;27;95,03;182;640,57;154
Majadahonda;2020/04/20 07:00:00;72;150,72;295;617,52;155
Manuel Merino;2020/04/20 07:00:00;9;71,63;107;851,64;156
Manzanares El Real;2020/04/20 07:00:00;18;120,06;63;420,2;157
Maqueda;2020/04/20 07:00:00;71;243,2;283;969,38;158
Mar Báltico;2020/04/20 07:00:00;114;192,87;594;1004,96;159
Marqués de la Valdavia;2020/04/20 07:00:00;33;195,04;71;419,62;160
Martín de Vargas;2020/04/20 07:00:00;25;138,3;119;658,3;161
Martínez de la Riva;2020/04/20 07:00:00;30;180,69;145;873,34;162
María Curie;2020/04/20 07:00:00;24;175,94;90;659,78;163
María Montessori;2020/04/20 07:00:00;74;486,43;301;1978,57;164
María de Guzmán;2020/04/20 07:00:00;42;194,23;306;1415,09;165
Meco;2020/04/20 07:00:00;17;71,34;188;788,89;166
Media Legua;2020/04/20 07:00:00;73;322,45;271;1197,05;167
Mejorada del Campo;2020/04/20 07:00:00;53;120,65;269;612,34;168
Mendiguchía Carriche;2020/04/20 07:00:00;72;281,68;238;931,11;169
Miguel Servet;2020/04/20 07:00:00;36;217,47;141;851,76;170
Miguel de Cervantes;2020/04/20 07:00:00;21;79,3;331;1249,86;171
Miraflores;2020/04/20 07:00:00;51;214,2;144;604,79;172
Mirasierra;2020/04/20 07:00:00;72;233,7;279;905,58;173
Monforte de Lemos;2020/04/20 07:00:00;49;310,07;155;980,83;174
Monovar;2020/04/20 07:00:00;42;224,23;218;1163,85;175
Montecarmelo;2020/04/20 07:00:00;15;83,62;117;652,25;176
Monterrozas;2020/04/20 07:00:00;67;184,2;274;753,29;177
Montesa;2020/04/20 07:00:00;58;214,69;293;1084,54;178
Moralzarzal;2020/04/20 07:00:00;19;145,91;60;460,76;179
Morata de Tajuña;2020/04/20 07:00:00;;64,37;84;1081,5;180
María Jesús Hereza;2020/04/20 07:00:00;125;364,37;541;1576,98;181
Méndez Álvaro;2020/04/20 07:00:00;38;427,01;169;1899,09;182
Navalcarnero;2020/04/20 07:00:00;64;159,07;201;499,59;183
Navas del Rey;2020/04/20 07:00:00;;29,52;54;797,05;184
Nuestra Señora del Pilar;2020/04/20 07:00:00;13;66,04;118;599,44;185
Numancia;2020/04/20 07:00:00;59;226,3;347;1330,93;186
Nuñez Morgado;2020/04/20 07:00:00;56;244,31;224;977,23;187
Opañel;2020/04/20 07:00:00;53;235,96;208;926,05;188
Orcasitas;2020/04/20 07:00:00;24;104,9;127;555,07;189
Orcasur;2020/04/20 07:00:00;17;130,19;94;719,87;190
Pacífico;2020/04/20 07:00:00;74;214,91;321;932,25;191
Palma Universidad;2020/04/20 07:00:00;61;239,9;168;660,71;192
Palomares;2020/04/20 07:00:00;67;376,85;270;1518,65;193
Panaderas;2020/04/20 07:00:00;41;107,23;220;575,36;194
Paracuellos del Jarama;2020/04/20 07:00:00;10;43,46;63;273,81;195
Parque Coimbra;2020/04/20 07:00:00;60;445,27;131;972,17;196
Parque Europa;2020/04/20 07:00:00;25;81,25;130;422,5;197
Parque Loranca;2020/04/20 07:00:00;28;90,16;137;441,15;198
Parque Oeste;2020/04/20 07:00:00;31;217,94;113;794,43;199
Pavones;2020/04/20 07:00:00;31;193,23;170;1059,65;200
Perales de Tajuña;2020/04/20 07:00:00;8;90,62;65;736,29;201
Perales del Río;2020/04/20 07:00:00;14;148,71;67;711,71;202
Peña Prieta;2020/04/20 07:00:00;37;186,32;157;790,61;203
Peñagrande;2020/04/20 07:00:00;49;178,54;240;874,48;204
Pilar;2020/04/20 07:00:00;137;316,24;601;1387,32;205
Pinto;2020/04/20 07:00:00;14;62,55;62;277;206
Pintores;2020/04/20 07:00:00;19;69,82;129;474,02;207
Pizarro;2020/04/20 07:00:00;53;322,31;180;1094,62;208
Portazgo;2020/04/20 07:00:00;49;228,7;271;1264,88;209
Potosí;2020/04/20 07:00:00;56;189,34;251;848,63;210
Pozo de Tío Raimundo;2020/04/20 07:00:00;13;135,78;81;846,04;211
Pozuelo - Estación;2020/04/20 07:00:00;66;181,47;250;687,4;212
Pozuelo - Somosaguas;2020/04/20 07:00:00;20;94,54;123;581,45;213
Presentación Sabio;2020/04/20 07:00:00;49;175,44;185;662,37;214
Prosperidad;2020/04/20 07:00:00;123;219,8;584;1043,58;215
Puerta Bonita;2020/04/20 07:00:00;28;159,42;168;956,5;216
Puerta de Madrid;2020/04/20 07:00:00;16;115,92;160;1159,17;217
Puerta del Ángel;2020/04/20 07:00:00;47;225,66;181;869,02;218
Quinta de los Molinos;2020/04/20 07:00:00;19;94,22;101;500,87;219
Rafael Alberti;2020/04/20 07:00:00;31;139,08;148;664;220
Ramón y Cajal;2020/04/20 07:00:00;65;278,68;258;1106,16;221
Rascafría;2020/04/20 07:00:00;;133,21;6;266,43;222
Reina Victoria;2020/04/20 07:00:00;75;224,94;353;1058,72;223
Rejas;2020/04/20 07:00:00;18;104,59;79;459,04;224
Reyes Católicos;2020/04/20 07:00:00;48;237,93;114;565,08;225
Reyes Magos;2020/04/20 07:00:00;37;124,5;335;1127,26;226
Rivas - La Paz;2020/04/20 07:00:00;46;141,41;189;581,02;227
Rivas - Santa Mónica;2020/04/20 07:00:00;24;67,37;175;491,21;228
Rivas - 1º de Mayo;2020/04/20 07:00:00;15;83,44;139;773,25;229
Robledo de Chavela;2020/04/20 07:00:00;16;194,29;35;425,02;230
Rosa Luxemburgo;2020/04/20 07:00:00;47;203,94;151;655,21;231
San Andrés;2020/04/20 07:00:00;62;188,58;169;514,04;232
San Blas;2020/04/20 07:00:00;17;47,96;120;338,51;233
San Cristóbal;2020/04/20 07:00:00;42;199,35;135;640,75;234
San Diego;2020/04/20 07:00:00;51;173,08;268;909,52;235
San Fermín;2020/04/20 07:00:00;50;191,12;235;898,25;236
San Fernando;2020/04/20 07:00:00;66;293,65;166;738,57;237
San Isidro;2020/04/20 07:00:00;44;274,28;200;1246,73;238
San Juan de la Cruz;2020/04/20 07:00:00;46;149,46;166;539,36;239
San Lorenzo de El Escorial;2020/04/20 07:00:00;46;226,96;99;488,45;240
San Martín de Valdeiglesias;2020/04/20 07:00:00;20;178,67;80;714,67;241
San Martín de la Vega;2020/04/20 07:00:00;15;73,66;70;343,73;242
Sanchinarro;2020/04/20 07:00:00;53;186,11;229;804,13;243
Santa Eugenia;2020/04/20 07:00:00;56;199,49;322;1147,05;244
Sector Embarcaciones;2020/04/20 07:00:00;42;184,27;181;794,1;245
Sector III;2020/04/20 07:00:00;47;164,2;192;670,79;246
Sector Oficios;2020/04/20 07:00:00;29;114,82;106;419,69;247
Segovia;2020/04/20 07:00:00;34;145,57;160;685,05;248
Segre;2020/04/20 07:00:00;71;184,78;265;689,66;249
Sevilla la Nueva;2020/04/20 07:00:00;48;408,27;82;697,46;250
Sierra de Guadarrama;2020/04/20 07:00:00;27;156,27;72;416,71;251
Silvano;2020/04/20 07:00:00;56;147,17;253;664,9;252
Simancas;2020/04/20 07:00:00;56;325,96;248;1443,54;253
Soto del Real;2020/04/20 07:00:00;31;129,98;130;545,07;254
Sánchez Morate;2020/04/20 07:00:00;34;147,33;97;420,33;255
Torrelaguna;2020/04/20 07:00:00;;78,3;26;407,14;256
Torrelodones;2020/04/20 07:00:00;53;157,76;159;473,28;257
Torres de la Alameda;2020/04/20 07:00:00;35;159,47;186;847,46;258
V Centenario;2020/04/20 07:00:00;44;208,29;100;473,4;259
Valdeacederas;2020/04/20 07:00:00;79;302,13;309;1181,73;260
Valdebernardo;2020/04/20 07:00:00;26;135,13;201;1044,64;261
Valdelasfuentes;2020/04/20 07:00:00;25;103,65;117;485,09;262
Valdemorillo;2020/04/20 07:00:00;17;140,25;38;313,51;263
Valdemoro;2020/04/20 07:00:00;42;112,33;376;1005,64;264
Valderribas;2020/04/20 07:00:00;14;77;94;517,02;265
Valdezarza;2020/04/20 07:00:00;111;233,35;395;830,39;266
Valle Inclán;2020/04/20 07:00:00;17;164,68;64;619,97;267
Valle de la Oliva;2020/04/20 07:00:00;18;59,61;105;347,72;268
Valleaguado;2020/04/20 07:00:00;44;174,37;219;867,88;269
Vandel;2020/04/20 07:00:00;82;341,42;405;1686,31;270
Vicente Muzas;2020/04/20 07:00:00;39;177,94;141;643,34;271
Vicálvaro - Artilleros;2020/04/20 07:00:00;27;129,39;168;805,1;272
Vicálvaro - Villablanca;2020/04/20 07:00:00;56;411,79;233;1713,36;273
Villa Vallecas;2020/04/20 07:00:00;42;142,16;397;1343,71;274
Villa del Prado;2020/04/20 07:00:00;61;634,56;125;1300,32;275
Villaamil;2020/04/20 07:00:00;53;206,97;290;1132,46;276
Villanueva de la Cañada;2020/04/20 07:00:00;58;154,1;177;470,26;277
Villanueva del Pardillo;2020/04/20 07:00:00;17;100,66;71;420,39;278
Villarejo de Salvanés;2020/04/20 07:00:00;15;105,46;73;513,22;279
Villaviciosa de Odón;2020/04/20 07:00:00;33;118,96;160;576,78;280
Vinateros - Torito;2020/04/20 07:00:00;83;239,35;361;1041,04;281
Virgen de Begoña;2020/04/20 07:00:00;40;388,24;195;1892,65;282
Virgen del Cortijo;2020/04/20 07:00:00;12;84,03;71;497,2;283
Virgen del Val;2020/04/20 07:00:00;22;180,98;150;1233,96;284
Vista Alegre;2020/04/20 07:00:00;71;149,86;257;542,46;285
Zofío;2020/04/20 07:00:00;45;155,3;240;828,27;286
Abrantes;2020/04/19 07:00:00;67;227,06;239;809,95;001
Acacias;2020/04/19 07:00:00;38;195,36;165;848,29;002
Adelfas;2020/04/19 07:00:00;32;115,52;216;779,73;003
Alameda;2020/04/19 07:00:00;48;222,81;172;798,4;004
Alameda de Osuna;2020/04/19 07:00:00;52;169,22;252;820,05;005
Alcalde Bartolomé González;2020/04/19 07:00:00;64;277,87;197;855,33;006
Alcalá de Guadaira;2020/04/19 07:00:00;32;244,99;142;1087,12;007
Alcobendas - Chopera;2020/04/19 07:00:00;41;129,62;104;328,79;008
Alcocer;2020/04/19 07:00:00;45;343,2;178;1357,54;009
Algete;2020/04/19 07:00:00;59;198,91;142;478,73;010
Alicante;2020/04/19 07:00:00;38;135,02;199;707,08;011
Almendrales;2020/04/19 07:00:00;46;167,83;192;700,53;012
Alpedrete;2020/04/19 07:00:00;29;200,93;94;651,29;013
Alpes;2020/04/19 07:00:00;91;234,3;364;937,2;014
Andrés Mellado;2020/04/19 07:00:00;71;292,48;207;852,73;015
Ángela Uriarte;2020/04/19 07:00:00;51;185,18;237;860,54;016
Antonio Leyva;2020/04/19 07:00:00;23;190,16;105;868,13;017
Aquitania;2020/04/19 07:00:00;40;169,82;189;802,38;018
Aranjuez;2020/04/19 07:00:00;50;113,22;290;656,69;019
Aravaca;2020/04/19 07:00:00;76;192,09;256;647,05;020
Arganda del Rey;2020/04/19 07:00:00;17;70,34;155;641,34;021
Arganda - Felicidad;2020/04/19 07:00:00;33;97,7;142;420,42;022
Argüelles;2020/04/19 07:00:00;33;124,6;123;464,43;023
Arroyomolinos;2020/04/19 07:00:00;41;157,15;140;536,62;024
Barajas;2020/04/19 07:00:00;27;123;116;528,45;025
Barcelona;2020/04/19 07:00:00;47;193,48;190;782,15;026
Barrio del Puerto;2020/04/19 07:00:00;11;78,33;66;469,95;027
Baviera;2020/04/19 07:00:00;36;245,32;185;1260,65;028
Benita de Ávila;2020/04/19 07:00:00;44;210,71;213;1020,02;029
Boadilla del Monte;2020/04/19 07:00:00;70;132,48;239;452,33;030
Brújula;2020/04/19 07:00:00;20;93,94;144;676,37;031
Buenavista;2020/04/19 07:00:00;38;161,34;175;743,01;032
Buitrago de Lozoya;2020/04/19 07:00:00;14;291,67;35;729,17;033
Bustarviejo;2020/04/19 07:00:00;81;382,35;268;1265,05;034
Butarque;2020/04/19 07:00:00;29;158,74;130;711,59;035
Cadalso de los Vidrios;2020/04/19 07:00:00;10;185,32;29;537,44;036
Campamento;2020/04/19 07:00:00;30;195,81;136;887,67;037
Campo Real;2020/04/19 07:00:00;19;108,81;80;458,14;038
Campo de la Paloma;2020/04/19 07:00:00;35;181,52;187;969,82;039
Canal de Panamá;2020/04/19 07:00:00;52;173,66;216;721,35;040
Canillejas;2020/04/19 07:00:00;58;148,31;261;667,42;041
Carabanchel Alto;2020/04/19 07:00:00;18;83,31;140;647,97;042
Caramuel;2020/04/19 07:00:00;46;188,59;191;783,08;043
Carmen Calzado;2020/04/19 07:00:00;27;162,46;187;1125,22;044
Casa de Campo;2020/04/19 07:00:00;58;437,14;277;2087,73;045
Castelló;2020/04/19 07:00:00;11;48,97;77;342,82;046
Castilla la Nueva;2020/04/19 07:00:00;42;174,24;179;742,58;047
Cea Bermúdez;2020/04/19 07:00:00;47;187,94;192;767,75;048
Cercedilla;2020/04/19 07:00:00;54;378,1;141;987,26;049
Chopera;2020/04/19 07:00:00;55;149,06;268;726,31;050
Ciempozuelos;2020/04/19 07:00:00;24;90,02;168;630,16;051
Ciudad San Pablo;2020/04/19 07:00:00;19;150,11;88;695,27;052
Ciudad de los Periodistas;2020/04/19 07:00:00;95;345,32;414;1504,85;053
Collado Mediano;2020/04/19 07:00:00;22;178,21;49;396,92;054
Collado Villalba Estación;2020/04/19 07:00:00;62;194,09;157;491,49;055
Collado Villalba Pueblo;2020/04/19 07:00:00;49;244,35;126;628,33;056
Colmenar Viejo Norte;2020/04/19 07:00:00;57;237,87;150;625,97;057
Colmenar Viejo Sur;2020/04/19 07:00:00;50;189,11;151;571,1;058
Colmenar de Oreja;2020/04/19 07:00:00;14;79,46;55;312,18;059
Comillas;2020/04/19 07:00:00;40;175,62;174;763,93;060
Cortes;2020/04/19 07:00:00;46;154,09;206;690,05;061
Coslada - Jaime Vera;2020/04/19 07:00:00;54;403,35;146;1090,53;062
Cuzco;2020/04/19 07:00:00;53;217,53;202;829,09;063
Daganzo de Arriba;2020/04/19 07:00:00;13;75,49;67;389,08;064
Daroca;2020/04/19 07:00:00;73;174,36;266;635,35;065
Dehesa Vieja;2020/04/19 07:00:00;33;120,45;105;383,25;066
Dos de Mayo;2020/04/19 07:00:00;93;253,57;277;755,26;067
Doctor Cirajas;2020/04/19 07:00:00;76;198,73;317;828,91;068
Doctor Laín Entralgo;2020/04/19 07:00:00;56;221,76;238;942,46;069
Doctor Luengo Rodríguez;2020/04/19 07:00:00;54;162,95;178;537,15;070
Doctor Tamames;2020/04/19 07:00:00;38;164,64;195;844,89;071
Doctor Trueta;2020/04/19 07:00:00;25;195,39;94;734,66;072
El Bercial;2020/04/19 07:00:00;19;131,72;59;409,04;073
El Escorial;2020/04/19 07:00:00;26;156,41;62;372,98;074
El Espinillo;2020/04/19 07:00:00;28;152,19;158;858,79;075
El Greco;2020/04/19 07:00:00;23;104,72;71;323,27;076
El Juncal;2020/04/19 07:00:00;44;155,82;229;810,99;077
El Molar;2020/04/19 07:00:00;56;171,29;122;373,16;078
El Naranjo;2020/04/19 07:00:00;28;136,11;124;602,79;079
El Pardo;2020/04/19 07:00:00;19;659,04;64;2219,91;080
El Restón;2020/04/19 07:00:00;23;58,96;220;563,97;081
El Soto;2020/04/19 07:00:00;62;319,24;191;983,47;082
Eloy Gonzalo;2020/04/19 07:00:00;60;170,14;248;703,23;083
Embajadores;2020/04/19 07:00:00;49;158,69;241;780,49;084
Ensanche Vallecas;2020/04/19 07:00:00;49;99,98;349;712,07;085
Entrevías;2020/04/19 07:00:00;31;109,12;233;820,16;086
Espronceda;2020/04/19 07:00:00;97;238,39;386;948,66;087
Estrecho de Corea;2020/04/19 07:00:00;73;229,12;314;985,53;088
Estrella;2020/04/19 07:00:00;34;233,81;153;1052,12;089
Europa;2020/04/19 07:00:00;64;317,73;259;1285,81;090
Federica Montseny;2020/04/19 07:00:00;61;275,35;367;1656,59;091
Felipe II;2020/04/19 07:00:00;36;169,83;172;811,4;092
Francia;2020/04/19 07:00:00;36;95,9;214;570,07;093
Fuencarral;2020/04/19 07:00:00;45;167,84;152;566,93;094
Fuente el Saz;2020/04/19 07:00:00;26;138,45;73;388,71;095
Fuentelarreina;2020/04/19 07:00:00;66;303,35;233;1070,92;096
Galapagar;2020/04/19 07:00:00;72;174,51;201;487,17;097
Gandhi;2020/04/19 07:00:00;31;160,68;132;684,19;098
García Noblejas;2020/04/19 07:00:00;35;148,66;158;671,08;099
General Fanjul;2020/04/19 07:00:00;56;241,19;229;986,3;100
General Moscardó;2020/04/19 07:00:00;67;336,45;232;1165,01;101
General Oráa;2020/04/19 07:00:00;38;204,85;165;889,49;102
General Ricardos;2020/04/19 07:00:00;71;255,95;263;948,09;103
Getafe Norte;2020/04/19 07:00:00;25;166,33;77;512,31;104
Goya;2020/04/19 07:00:00;130;213,9;601;988,88;105
Gregorio Marañón;2020/04/19 07:00:00;64;225,69;201;708,79;106
Griñón;2020/04/19 07:00:00;57;152,75;185;495,78;107
Guadarrama;2020/04/19 07:00:00;51;322,83;115;727,94;108
Guayaba;2020/04/19 07:00:00;27;151,77;163;916,25;109
Guzmán el Bueno;2020/04/19 07:00:00;46;197,9;201;864,74;110
Huerta de Los Frailes;2020/04/19 07:00:00;41;288,04;171;1201,35;111
Humanes de Madrid;2020/04/19 07:00:00;29;111,69;115;442,92;112
Ibiza;2020/04/19 07:00:00;70;202,92;322;933,41;113
Imperial;2020/04/19 07:00:00;51;192,64;201;759,24;114
Infanta Mercedes;2020/04/19 07:00:00;42;288,14;158;1083,97;115
Isabel II;2020/04/19 07:00:00;38;106,54;266;745,81;116
Jazmín;2020/04/19 07:00:00;38;139,8;161;592,3;117
Juan de Austria;2020/04/19 07:00:00;35;164,76;229;1078;118
Juan de la Cierva;2020/04/19 07:00:00;65;206,22;210;666,24;119
Justicia;2020/04/19 07:00:00;35;218,19;112;698,21;120
La Cabrera;2020/04/19 07:00:00;13;191,68;33;486,58;121
La Elipa;2020/04/19 07:00:00;33;242,2;127;932,11;122
La Garena;2020/04/19 07:00:00;9;133,55;46;682,59;123
La Marazuela;2020/04/19 07:00:00;29;254,92;82;720,82;124
La Moraleja;2020/04/19 07:00:00;28;113,2;105;424,52;125
La Plata;2020/04/19 07:00:00;19;73,6;160;619,82;126
La Princesa;2020/04/19 07:00:00;33;170,23;144;742,84;127
La Ribota;2020/04/19 07:00:00;36;141,75;108;425,25;128
La Ventilla;2020/04/19 07:00:00;71;312,71;286;1259,63;129
La Veredilla;2020/04/19 07:00:00;12;72,52;101;610,35;130
Las Águilas;2020/04/19 07:00:00;53;193,47;266;970,98;131
Las Américas;2020/04/19 07:00:00;16;41,69;120;312,69;132
Las Calesas;2020/04/19 07:00:00;79;263,61;270;900,96;133
Las Ciudades;2020/04/19 07:00:00;33;169,95;110;566,51;134
Las Fronteras;2020/04/19 07:00:00;32;92,82;211;612,02;135
Las Margaritas;2020/04/19 07:00:00;49;175,44;142;508,41;136
Las Matas;2020/04/19 07:00:00;16;135,96;49;416,38;137
Las Olivas;2020/04/19 07:00:00;17;88,22;98;508,56;138
Las Rozas;2020/04/19 07:00:00;61;167,91;217;597,3;139
Las Tablas;2020/04/19 07:00:00;14;44,1;116;365,4;140
Lavapiés;2020/04/19 07:00:00;34;130,72;137;526,74;141
Leganés Norte;2020/04/19 07:00:00;48;338,41;279;1967,01;142
Legazpi;2020/04/19 07:00:00;32;124,86;184;717,94;143
Londres;2020/04/19 07:00:00;40;288,54;176;1269,57;144
Los Alperchines;2020/04/19 07:00:00;35;179,02;197;1007,62;145
Los Ángeles;2020/04/19 07:00:00;47;132,32;262;737,61;146
Los Castillos;2020/04/19 07:00:00;93;432,84;319;1484,69;147
Los Cármenes;2020/04/19 07:00:00;49;169,34;178;615,15;148
Los Fresnos;2020/04/19 07:00:00;6;50,32;41;343,84;149
Los Pedroches;2020/04/19 07:00:00;72;283,43;350;1377,79;150
Los Rosales;2020/04/19 07:00:00;40;202,04;179;904,13;151
Los Yébenes;2020/04/19 07:00:00;70;190,01;285;773,62;152
Lucero;2020/04/19 07:00:00;100;246,46;372;916,82;153
Luis Vives;2020/04/19 07:00:00;35;123,19;182;640,57;154
Majadahonda;2020/04/19 07:00:00;72;150,72;293;613,33;155
Manuel Merino;2020/04/19 07:00:00;9;71,63;106;843,68;156
Manzanares El Real;2020/04/19 07:00:00;17;113,39;62;413,53;157
Maqueda;2020/04/19 07:00:00;75;256,9;284;972,8;158
Mar Báltico;2020/04/19 07:00:00;127;214,86;595;1006,65;159
Marqués de la Valdavia;2020/04/19 07:00:00;37;218,68;71;419,62;160
Martín de Vargas;2020/04/19 07:00:00;27;149,36;119;658,3;161
Martínez de la Riva;2020/04/19 07:00:00;29;174,67;144;867,31;162
María Curie;2020/04/19 07:00:00;24;175,94;90;659,78;163
María Montessori;2020/04/19 07:00:00;74;486,43;300;1972;164
María de Guzmán;2020/04/19 07:00:00;52;240,47;306;1415,09;165
Meco;2020/04/19 07:00:00;23;96,51;188;788,89;166
Media Legua;2020/04/19 07:00:00;74;326,87;270;1192,63;167
Mejorada del Campo;2020/04/19 07:00:00;56;127,48;269;612,34;168
Mendiguchía Carriche;2020/04/19 07:00:00;72;281,68;238;931,11;169
Miguel Servet;2020/04/19 07:00:00;37;223,51;141;851,76;170
Miguel de Cervantes;2020/04/19 07:00:00;26;98,18;331;1249,86;171
Miraflores;2020/04/19 07:00:00;55;231;144;604,79;172
Mirasierra;2020/04/19 07:00:00;78;253,17;275;892,6;173
Monforte de Lemos;2020/04/19 07:00:00;47;297,41;153;968,17;174
Monovar;2020/04/19 07:00:00;42;224,23;218;1163,85;175
Montecarmelo;2020/04/19 07:00:00;14;78,05;116;646,67;176
Monterrozas;2020/04/19 07:00:00;69;189,7;275;756,03;177
Montesa;2020/04/19 07:00:00;59;218,39;291;1077,14;178
Moralzarzal;2020/04/19 07:00:00;19;145,91;60;460,76;179
Morata de Tajuña;2020/04/19 07:00:00;;64,37;84;1081,5;180
María Jesús Hereza;2020/04/19 07:00:00;125;364,37;540;1574,07;181
Méndez Álvaro;2020/04/19 07:00:00;39;438,25;169;1899,09;182
Navalcarnero;2020/04/19 07:00:00;64;159,07;201;499,59;183
Navas del Rey;2020/04/19 07:00:00;;29,52;54;797,05;184
Nuestra Señora del Pilar;2020/04/19 07:00:00;20;101,6;118;599,44;185
Numancia;2020/04/19 07:00:00;61;233,97;347;1330,93;186
Nuñez Morgado;2020/04/19 07:00:00;63;274,85;223;972,86;187
Opañel;2020/04/19 07:00:00;55;244,87;207;921,6;188
Orcasitas;2020/04/19 07:00:00;25;109,27;127;555,07;189
Orcasur;2020/04/19 07:00:00;21;160,82;94;719,87;190
Pacífico;2020/04/19 07:00:00;76;220,72;321;932,25;191
Palma Universidad;2020/04/19 07:00:00;61;239,9;168;660,71;192
Palomares;2020/04/19 07:00:00;67;376,85;270;1518,65;193
Panaderas;2020/04/19 07:00:00;41;107,23;219;572,74;194
Paracuellos del Jarama;2020/04/19 07:00:00;14;60,85;63;273,81;195
Parque Coimbra;2020/04/19 07:00:00;60;445,27;131;972,17;196
Parque Europa;2020/04/19 07:00:00;25;81,25;129;419,25;197
Parque Loranca;2020/04/19 07:00:00;28;90,16;137;441,15;198
Parque Oeste;2020/04/19 07:00:00;31;217,94;113;794,43;199
Pavones;2020/04/19 07:00:00;33;205,7;169;1053,42;200
Perales de Tajuña;2020/04/19 07:00:00;8;90,62;65;736,29;201
Perales del Río;2020/04/19 07:00:00;14;148,71;67;711,71;202
Peña Prieta;2020/04/19 07:00:00;38;191,36;156;785,58;203
Peñagrande;2020/04/19 07:00:00;54;196,76;242;881,76;204
Pilar;2020/04/19 07:00:00;153;353,18;601;1387,32;205
Pinto;2020/04/19 07:00:00;14;62,55;62;277;206
Pintores;2020/04/19 07:00:00;20;73,49;130;477,7;207
Pizarro;2020/04/19 07:00:00;55;334,47;180;1094,62;208
Portazgo;2020/04/19 07:00:00;51;238,04;270;1260,21;209
Potosí;2020/04/19 07:00:00;58;196,1;251;848,63;210
Pozo de Tío Raimundo;2020/04/19 07:00:00;12;125,34;80;835,6;211
Pozuelo - Estación;2020/04/19 07:00:00;67;184,22;248;681,9;212
Pozuelo - Somosaguas;2020/04/19 07:00:00;22;104;123;581,45;213
Presentación Sabio;2020/04/19 07:00:00;49;175,44;184;658,79;214
Prosperidad;2020/04/19 07:00:00;122;218,01;581;1038,22;215
Puerta Bonita;2020/04/19 07:00:00;29;165,11;165;939,42;216
Puerta de Madrid;2020/04/19 07:00:00;26;188,36;160;1159,17;217
Puerta del Ángel;2020/04/19 07:00:00;50;240,06;181;869,02;218
Quinta de los Molinos;2020/04/19 07:00:00;20;99,18;101;500,87;219
Rafael Alberti;2020/04/19 07:00:00;32;143,57;148;664;220
Ramón y Cajal;2020/04/19 07:00:00;65;278,68;258;1106,16;221
Rascafría;2020/04/19 07:00:00;;133,21;6;266,43;222
Reina Victoria;2020/04/19 07:00:00;81;242,94;353;1058,72;223
Rejas;2020/04/19 07:00:00;19;110,4;79;459,04;224
Reyes Católicos;2020/04/19 07:00:00;50;247,84;113;560,13;225
Reyes Magos;2020/04/19 07:00:00;46;154,79;335;1127,26;226
Rivas - La Paz;2020/04/19 07:00:00;47;144,49;189;581,02;227
Rivas - Santa Mónica;2020/04/19 07:00:00;26;72,98;175;491,21;228
Rivas - 1º de Mayo;2020/04/19 07:00:00;16;89,01;138;767,69;229
Robledo de Chavela;2020/04/19 07:00:00;16;194,29;33;400,73;230
Rosa Luxemburgo;2020/04/19 07:00:00;49;212,62;150;650,87;231
San Andrés;2020/04/19 07:00:00;64;194,66;167;507,95;232
San Blas;2020/04/19 07:00:00;19;53,6;120;338,51;233
San Cristóbal;2020/04/19 07:00:00;43;204,09;134;636,01;234
San Diego;2020/04/19 07:00:00;54;183,26;268;909,52;235
San Fermín;2020/04/19 07:00:00;51;194,94;234;894,43;236
San Fernando;2020/04/19 07:00:00;66;293,65;166;738,57;237
San Isidro;2020/04/19 07:00:00;44;274,28;200;1246,73;238
San Juan de la Cruz;2020/04/19 07:00:00;50;162,46;166;539,36;239
San Lorenzo de El Escorial;2020/04/19 07:00:00;45;222,02;97;478,59;240
San Martín de Valdeiglesias;2020/04/19 07:00:00;20;178,67;79;705,74;241
San Martín de la Vega;2020/04/19 07:00:00;13;63,84;68;333,91;242
Sanchinarro;2020/04/19 07:00:00;55;193,13;228;800,62;243
Santa Eugenia;2020/04/19 07:00:00;58;206,61;322;1147,05;244
Sector Embarcaciones;2020/04/19 07:00:00;53;232,53;181;794,1;245
Sector III;2020/04/19 07:00:00;48;167,7;192;670,79;246
Sector Oficios;2020/04/19 07:00:00;34;134,62;105;415,73;247
Segovia;2020/04/19 07:00:00;36;154,14;160;685,05;248
Segre;2020/04/19 07:00:00;70;182,17;263;684,45;249
Sevilla la Nueva;2020/04/19 07:00:00;49;416,77;82;697,46;250
Sierra de Guadarrama;2020/04/19 07:00:00;27;156,27;71;410,93;251
Silvano;2020/04/19 07:00:00;62;162,94;253;664,9;252
Simancas;2020/04/19 07:00:00;61;355,06;248;1443,54;253
Soto del Real;2020/04/19 07:00:00;34;142,56;130;545,07;254
Sánchez Morate;2020/04/19 07:00:00;35;151,67;98;424,67;255
Torrelaguna;2020/04/19 07:00:00;6;93,96;26;407,14;256
Torrelodones;2020/04/19 07:00:00;53;157,76;157;467,33;257
Torres de la Alameda;2020/04/19 07:00:00;36;164,02;185;842,9;258
V Centenario;2020/04/19 07:00:00;48;227,23;100;473,4;259
Valdeacederas;2020/04/19 07:00:00;89;340,37;308;1177,91;260
Valdebernardo;2020/04/19 07:00:00;27;140,33;202;1049,84;261
Valdelasfuentes;2020/04/19 07:00:00;31;128,53;117;485,09;262
Valdemorillo;2020/04/19 07:00:00;18;148,5;39;321,76;263
Valdemoro;2020/04/19 07:00:00;42;112,33;375;1002,97;264
Valderribas;2020/04/19 07:00:00;14;77;94;517,02;265
Valdezarza;2020/04/19 07:00:00;115;241,76;393;826,19;266
Valle Inclán;2020/04/19 07:00:00;17;164,68;64;619,97;267
Valle de la Oliva;2020/04/19 07:00:00;18;59,61;106;351,03;268
Valleaguado;2020/04/19 07:00:00;48;190,22;219;867,88;269
Vandel;2020/04/19 07:00:00;86;358,08;406;1690,47;270
Vicente Muzas;2020/04/19 07:00:00;41;187,07;141;643,34;271
Vicálvaro - Artilleros;2020/04/19 07:00:00;29;138,98;168;805,1;272
Vicálvaro - Villablanca;2020/04/19 07:00:00;58;426,5;233;1713,36;273
Villa Vallecas;2020/04/19 07:00:00;43;145,54;397;1343,71;274
Villa del Prado;2020/04/19 07:00:00;59;613,75;123;1279,52;275
Villaamil;2020/04/19 07:00:00;64;249,92;290;1132,46;276
Villanueva de la Cañada;2020/04/19 07:00:00;58;154,1;176;467,6;277
Villanueva del Pardillo;2020/04/19 07:00:00;17;100,66;71;420,39;278
Villarejo de Salvanés;2020/04/19 07:00:00;15;105,46;73;513,22;279
Villaviciosa de Odón;2020/04/19 07:00:00;33;118,96;160;576,78;280
Vinateros - Torito;2020/04/19 07:00:00;89;256,65;361;1041,04;281
Virgen de Begoña;2020/04/19 07:00:00;46;446,47;194;1882,95;282
Virgen del Cortijo;2020/04/19 07:00:00;13;91,04;71;497,2;283
Virgen del Val;2020/04/19 07:00:00;24;197,43;149;1225,73;284
Vista Alegre;2020/04/19 07:00:00;71;149,86;251;529,79;285
Zofío;2020/04/19 07:00:00;49;169,11;238;821,37;286
Abrantes;2020/04/18 07:00:00;72;244;235;796,39;001
Acacias;2020/04/18 07:00:00;37;190,22;164;843,14;002
Adelfas;2020/04/18 07:00:00;38;137,17;214;772,51;003
Alameda;2020/04/18 07:00:00;49;227,45;171;793,76;004
Alameda de Osuna;2020/04/18 07:00:00;56;182,23;248;807,03;005
Alcalde Bartolomé González;2020/04/18 07:00:00;64;277,87;197;855,33;006
Alcalá de Guadaira;2020/04/18 07:00:00;32;244,99;140;1071,81;007
Alcobendas - Chopera;2020/04/18 07:00:00;40;126,46;100;316,15;008
Alcocer;2020/04/18 07:00:00;45;343,2;174;1327,03;009
Algete;2020/04/18 07:00:00;64;215,76;142;478,73;010
Alicante;2020/04/18 07:00:00;40;142,13;198;703,52;011
Almendrales;2020/04/18 07:00:00;49;178,78;190;693,23;012
Alpedrete;2020/04/18 07:00:00;30;207,86;93;644,36;013
Alpes;2020/04/18 07:00:00;93;239,45;357;919,18;014
Andrés Mellado;2020/04/18 07:00:00;70;288,36;203;836,25;015
Ángela Uriarte;2020/04/18 07:00:00;52;188,81;233;846,01;016
Antonio Leyva;2020/04/18 07:00:00;24;198,43;104;859,86;017
Aquitania;2020/04/18 07:00:00;46;195,29;188;798,13;018
Aranjuez;2020/04/18 07:00:00;59;133,6;288;652,16;019
Aravaca;2020/04/18 07:00:00;78;197,15;252;636,94;020
Arganda del Rey;2020/04/18 07:00:00;19;78,62;155;641,34;021
Arganda - Felicidad;2020/04/18 07:00:00;34;100,66;140;414,5;022
Argüelles;2020/04/18 07:00:00;31;117,05;120;453,1;023
Arroyomolinos;2020/04/18 07:00:00;41;157,15;138;528,96;024
Barajas;2020/04/18 07:00:00;29;132,11;113;514,78;025
Barcelona;2020/04/18 07:00:00;47;193,48;190;782,15;026
Barrio del Puerto;2020/04/18 07:00:00;11;78,33;66;469,95;027
Baviera;2020/04/18 07:00:00;37;252,13;183;1247,02;028
Benita de Ávila;2020/04/18 07:00:00;47;225,07;212;1015,23;029
Boadilla del Monte;2020/04/18 07:00:00;72;136,27;235;444,76;030
Brújula;2020/04/18 07:00:00;19;89,24;142;666,98;031
Buenavista;2020/04/18 07:00:00;39;165,58;173;734,51;032
Buitrago de Lozoya;2020/04/18 07:00:00;14;291,67;35;729,17;033
Bustarviejo;2020/04/18 07:00:00;91;429,55;265;1250,89;034
Butarque;2020/04/18 07:00:00;30;164,21;127;695,17;035
Cadalso de los Vidrios;2020/04/18 07:00:00;10;185,32;29;537,44;036
Campamento;2020/04/18 07:00:00;30;195,81;133;868,09;037
Campo Real;2020/04/18 07:00:00;21;120,26;80;458,14;038
Campo de la Paloma;2020/04/18 07:00:00;35;181,52;183;949,07;039
Canal de Panamá;2020/04/18 07:00:00;52;173,66;211;704,65;040
Canillejas;2020/04/18 07:00:00;62;158,54;256;654,63;041
Carabanchel Alto;2020/04/18 07:00:00;18;83,31;138;638,71;042
Caramuel;2020/04/18 07:00:00;48;196,79;191;783,08;043
Carmen Calzado;2020/04/18 07:00:00;30;180,52;188;1131,24;044
Casa de Campo;2020/04/18 07:00:00;57;429,61;274;2065,12;045
Castelló;2020/04/18 07:00:00;11;48,97;77;342,82;046
Castilla la Nueva;2020/04/18 07:00:00;40;165,94;175;725,99;047
Cea Bermúdez;2020/04/18 07:00:00;47;187,94;187;747,76;048
Cercedilla;2020/04/18 07:00:00;56;392,1;140;980,25;049
Chopera;2020/04/18 07:00:00;58;157,19;267;723,6;050
Ciempozuelos;2020/04/18 07:00:00;25;93,77;166;622,66;051
Ciudad San Pablo;2020/04/18 07:00:00;19;150,11;88;695,27;052
Ciudad de los Periodistas;2020/04/18 07:00:00;107;388,94;401;1457,6;053
Collado Mediano;2020/04/18 07:00:00;21;170,11;47;380,72;054
Collado Villalba Estación;2020/04/18 07:00:00;63;197,22;157;491,49;055
Collado Villalba Pueblo;2020/04/18 07:00:00;51;254,33;125;623,35;056
Colmenar Viejo Norte;2020/04/18 07:00:00;61;254,56;147;613,45;057
Colmenar Viejo Sur;2020/04/18 07:00:00;56;211,8;148;559,76;058
Colmenar de Oreja;2020/04/18 07:00:00;14;79,46;55;312,18;059
Comillas;2020/04/18 07:00:00;45;197,57;172;755,15;060
Cortes;2020/04/18 07:00:00;47;157,44;204;683,35;061
Coslada - Jaime Vera;2020/04/18 07:00:00;54;403,35;146;1090,53;062
Cuzco;2020/04/18 07:00:00;50;205,22;197;808,57;063
Daganzo de Arriba;2020/04/18 07:00:00;13;75,49;66;383,28;064
Daroca;2020/04/18 07:00:00;72;171,97;263;628,18;065
Dehesa Vieja;2020/04/18 07:00:00;33;120,45;103;375,95;066
Dos de Mayo;2020/04/18 07:00:00;93;253,57;276;752,54;067
Doctor Cirajas;2020/04/18 07:00:00;81;211,8;313;818,45;068
Doctor Laín Entralgo;2020/04/18 07:00:00;56;221,76;235;930,58;069
Doctor Luengo Rodríguez;2020/04/18 07:00:00;53;159,94;176;531,11;070
Doctor Tamames;2020/04/18 07:00:00;38;164,64;193;836,22;071
Doctor Trueta;2020/04/18 07:00:00;25;195,39;93;726,85;072
El Bercial;2020/04/18 07:00:00;18;124,79;58;402,11;073
El Escorial;2020/04/18 07:00:00;25;150,39;60;360,95;074
El Espinillo;2020/04/18 07:00:00;29;157,63;155;842,48;075
El Greco;2020/04/18 07:00:00;23;104,72;70;318,72;076
El Juncal;2020/04/18 07:00:00;43;152,28;225;796,83;077
El Molar;2020/04/18 07:00:00;56;171,29;120;367,04;078
El Naranjo;2020/04/18 07:00:00;27;131,25;121;588,21;079
El Pardo;2020/04/18 07:00:00;19;659,04;64;2219,91;080
El Restón;2020/04/18 07:00:00;24;61,52;217;556,28;081
El Soto;2020/04/18 07:00:00;64;329,54;190;978,32;082
Eloy Gonzalo;2020/04/18 07:00:00;63;178,64;244;691,88;083
Embajadores;2020/04/18 07:00:00;50;161,93;240;777,25;084
Ensanche Vallecas;2020/04/18 07:00:00;52;106,1;349;712,07;085
Entrevías;2020/04/18 07:00:00;37;130,24;233;820,16;086
Espronceda;2020/04/18 07:00:00;91;223,65;368;904,42;087
Estrecho de Corea;2020/04/18 07:00:00;76;238,54;308;966,7;088
Estrella;2020/04/18 07:00:00;37;254,44;151;1038,37;089
Europa;2020/04/18 07:00:00;64;317,73;256;1270,91;090
Federica Montseny;2020/04/18 07:00:00;61;275,35;361;1629,5;091
Felipe II;2020/04/18 07:00:00;35;165,11;170;801,96;092
Francia;2020/04/18 07:00:00;40;106,56;211;562,08;093
Fuencarral;2020/04/18 07:00:00;52;193,95;149;555,74;094
Fuente el Saz;2020/04/18 07:00:00;27;143,77;72;383,39;095
Fuentelarreina;2020/04/18 07:00:00;68;312,54;223;1024,96;096
Galapagar;2020/04/18 07:00:00;69;167,24;196;475,05;097
Gandhi;2020/04/18 07:00:00;33;171,05;131;679;098
García Noblejas;2020/04/18 07:00:00;37;157,15;155;658,34;099
General Fanjul;2020/04/18 07:00:00;55;236,89;224;964,77;100
General Moscardó;2020/04/18 07:00:00;77;386,66;228;1144,92;101
General Oráa;2020/04/18 07:00:00;41;221,02;163;878,71;102
General Ricardos;2020/04/18 07:00:00;73;263,16;260;937,27;103
Getafe Norte;2020/04/18 07:00:00;26;172,99;77;512,31;104
Goya;2020/04/18 07:00:00;128;210,61;594;977,36;105
Gregorio Marañón;2020/04/18 07:00:00;63;222,16;199;701,74;106
Griñón;2020/04/18 07:00:00;59;158,11;184;493,1;107
Guadarrama;2020/04/18 07:00:00;51;322,83;114;721,61;108
Guayaba;2020/04/18 07:00:00;27;151,77;156;876,9;109
Guzmán el Bueno;2020/04/18 07:00:00;47;202,2;196;843,23;110
Huerta de Los Frailes;2020/04/18 07:00:00;39;273,99;169;1187,3;111
Humanes de Madrid;2020/04/18 07:00:00;27;103,99;112;431,37;112
Ibiza;2020/04/18 07:00:00;75;217,41;318;921,82;113
Imperial;2020/04/18 07:00:00;53;200,2;201;759,24;114
Infanta Mercedes;2020/04/18 07:00:00;37;253,84;152;1042,81;115
Isabel II;2020/04/18 07:00:00;38;106,54;265;743;116
Jazmín;2020/04/18 07:00:00;33;121,4;152;559,19;117
Juan de Austria;2020/04/18 07:00:00;34;160,05;227;1068,59;118
Juan de la Cierva;2020/04/18 07:00:00;65;206,22;208;659,9;119
Justicia;2020/04/18 07:00:00;36;224,42;112;698,21;120
La Cabrera;2020/04/18 07:00:00;14;206,43;33;486,58;121
La Elipa;2020/04/18 07:00:00;35;256,88;126;924,77;122
La Garena;2020/04/18 07:00:00;7;103,87;42;623,24;123
La Marazuela;2020/04/18 07:00:00;29;254,92;81;712,03;124
La Moraleja;2020/04/18 07:00:00;25;101,08;100;404,3;125
La Plata;2020/04/18 07:00:00;19;73,6;155;600,45;126
La Princesa;2020/04/18 07:00:00;37;190,87;144;742,84;127
La Ribota;2020/04/18 07:00:00;35;137,81;105;413,43;128
La Ventilla;2020/04/18 07:00:00;85;374,37;281;1237,61;129
La Veredilla;2020/04/18 07:00:00;13;78,56;101;610,35;130
Las Águilas;2020/04/18 07:00:00;56;204,42;266;970,98;131
Las Américas;2020/04/18 07:00:00;16;41,69;118;307,48;132
Las Calesas;2020/04/18 07:00:00;83;276,96;266;887,61;133
Las Ciudades;2020/04/18 07:00:00;34;175,1;110;566,51;134
Las Fronteras;2020/04/18 07:00:00;33;95,72;208;603,32;135
Las Margaritas;2020/04/18 07:00:00;47;168,28;140;501,25;136
Las Matas;2020/04/18 07:00:00;16;135,96;48;407,89;137
Las Olivas;2020/04/18 07:00:00;23;119,36;98;508,56;138
Las Rozas;2020/04/18 07:00:00;61;167,91;211;580,79;139
Las Tablas;2020/04/18 07:00:00;17;53,55;114;359,1;140
Lavapiés;2020/04/18 07:00:00;38;146,1;137;526,74;141
Leganés Norte;2020/04/18 07:00:00;48;338,41;278;1959,95;142
Legazpi;2020/04/18 07:00:00;35;136,56;182;710,13;143
Londres;2020/04/18 07:00:00;39;281,32;171;1233,5;144
Los Alperchines;2020/04/18 07:00:00;37;189,25;196;1002,51;145
Los Ángeles;2020/04/18 07:00:00;57;160,47;262;737,61;146
Los Castillos;2020/04/18 07:00:00;88;409,57;313;1456,76;147
Los Cármenes;2020/04/18 07:00:00;52;179,71;175;604,78;148
Los Fresnos;2020/04/18 07:00:00;6;50,32;41;343,84;149
Los Pedroches;2020/04/18 07:00:00;71;279,49;346;1362,04;150
Los Rosales;2020/04/18 07:00:00;49;247,5;176;888,98;151
Los Yébenes;2020/04/18 07:00:00;71;192,73;281;762,76;152
Lucero;2020/04/18 07:00:00;98;241,53;367;904,5;153
Luis Vives;2020/04/18 07:00:00;35;123,19;182;640,57;154
Majadahonda;2020/04/18 07:00:00;75;157;287;600,77;155
Manuel Merino;2020/04/18 07:00:00;9;71,63;104;827,76;156
Manzanares El Real;2020/04/18 07:00:00;16;106,72;61;406,86;157
Maqueda;2020/04/18 07:00:00;74;253,48;281;962,53;158
Mar Báltico;2020/04/18 07:00:00;130;219,94;586;991,42;159
Marqués de la Valdavia;2020/04/18 07:00:00;38;224,59;69;407,8;160
Martín de Vargas;2020/04/18 07:00:00;27;149,36;119;658,3;161
Martínez de la Riva;2020/04/18 07:00:00;34;204,78;144;867,31;162
María Curie;2020/04/18 07:00:00;23;168,61;89;652,44;163
María Montessori;2020/04/18 07:00:00;74;486,43;298;1958,85;164
María de Guzmán;2020/04/18 07:00:00;53;245,1;305;1410,47;165
Meco;2020/04/18 07:00:00;23;96,51;185;776,3;166
Media Legua;2020/04/18 07:00:00;78;344,54;263;1161,71;167
Mejorada del Campo;2020/04/18 07:00:00;54;122,92;265;603,23;168
Mendiguchía Carriche;2020/04/18 07:00:00;73;285,59;238;931,11;169
Miguel Servet;2020/04/18 07:00:00;37;223,51;138;833,64;170
Miguel de Cervantes;2020/04/18 07:00:00;25;94,4;329;1242,31;171
Miraflores;2020/04/18 07:00:00;58;243,6;142;596,39;172
Mirasierra;2020/04/18 07:00:00;78;253,17;268;869,88;173
Monforte de Lemos;2020/04/18 07:00:00;53;335,38;148;936,53;174
Monovar;2020/04/18 07:00:00;44;234,9;215;1147,83;175
Montecarmelo;2020/04/18 07:00:00;18;100,35;114;635,52;176
Monterrozas;2020/04/18 07:00:00;70;192,45;273;750,54;177
Montesa;2020/04/18 07:00:00;56;207,28;286;1058,63;178
Moralzarzal;2020/04/18 07:00:00;22;168,94;59;453,08;179
Morata de Tajuña;2020/04/18 07:00:00;;64,37;84;1081,5;180
María Jesús Hereza;2020/04/18 07:00:00;123;358,54;535;1559,49;181
Méndez Álvaro;2020/04/18 07:00:00;40;449,49;167;1876,62;182
Navalcarnero;2020/04/18 07:00:00;64;159,07;200;497,1;183
Navas del Rey;2020/04/18 07:00:00;;44,28;54;797,05;184
Nuestra Señora del Pilar;2020/04/18 07:00:00;19;96,52;116;589,28;185
Numancia;2020/04/18 07:00:00;67;256,98;342;1311,75;186
Nuñez Morgado;2020/04/18 07:00:00;63;274,85;217;946,69;187
Opañel;2020/04/18 07:00:00;51;227,06;202;899,34;188
Orcasitas;2020/04/18 07:00:00;24;104,9;124;541,96;189
Orcasur;2020/04/18 07:00:00;23;176,14;93;712,21;190
Pacífico;2020/04/18 07:00:00;85;246,86;320;929,34;191
Palma Universidad;2020/04/18 07:00:00;63;247,77;168;660,71;192
Palomares;2020/04/18 07:00:00;62;348,73;263;1479,27;193
Panaderas;2020/04/18 07:00:00;41;107,23;217;567,51;194
Paracuellos del Jarama;2020/04/18 07:00:00;16;69,54;63;273,81;195
Parque Coimbra;2020/04/18 07:00:00;61;452,69;131;972,17;196
Parque Europa;2020/04/18 07:00:00;26;84,5;129;419,25;197
Parque Loranca;2020/04/18 07:00:00;28;90,16;135;434,71;198
Parque Oeste;2020/04/18 07:00:00;31;217,94;113;794,43;199
Pavones;2020/04/18 07:00:00;36;224,4;167;1040,95;200
Perales de Tajuña;2020/04/18 07:00:00;9;101,95;65;736,29;201
Perales del Río;2020/04/18 07:00:00;14;148,71;66;701,08;202
Peña Prieta;2020/04/18 07:00:00;38;191,36;154;775,51;203
Peñagrande;2020/04/18 07:00:00;54;196,76;233;848,97;204
Pilar;2020/04/18 07:00:00;169;390,11;588;1357,31;205
Pinto;2020/04/18 07:00:00;14;62,55;62;277;206
Pintores;2020/04/18 07:00:00;20;73,49;130;477,7;207
Pizarro;2020/04/18 07:00:00;54;328,39;179;1088,54;208
Portazgo;2020/04/18 07:00:00;63;294,05;269;1255,54;209
Potosí;2020/04/18 07:00:00;55;185,96;243;821,58;210
Pozo de Tío Raimundo;2020/04/18 07:00:00;14;146,23;80;835,6;211
Pozuelo - Estación;2020/04/18 07:00:00;68;186,97;244;670,9;212
Pozuelo - Somosaguas;2020/04/18 07:00:00;21;99,27;118;557,81;213
Presentación Sabio;2020/04/18 07:00:00;50;179,02;181;648,05;214
Prosperidad;2020/04/18 07:00:00;126;225,16;574;1025,71;215
Puerta Bonita;2020/04/18 07:00:00;31;176,5;163;928,03;216
Puerta de Madrid;2020/04/18 07:00:00;24;173,88;157;1137,43;217
Puerta del Ángel;2020/04/18 07:00:00;52;249,66;179;859,42;218
Quinta de los Molinos;2020/04/18 07:00:00;19;94,22;100;495,91;219
Rafael Alberti;2020/04/18 07:00:00;36;161,51;147;659,52;220
Ramón y Cajal;2020/04/18 07:00:00;61;261,53;254;1089,01;221
Rascafría;2020/04/18 07:00:00;;88,81;;222,02;222
Reina Victoria;2020/04/18 07:00:00;88;263,93;345;1034,73;223
Rejas;2020/04/18 07:00:00;17;98,78;77;447,41;224
Reyes Católicos;2020/04/18 07:00:00;48;237,93;110;545,26;225
Reyes Magos;2020/04/18 07:00:00;42;141,33;330;1110,44;226
Rivas - La Paz;2020/04/18 07:00:00;48;147,56;181;556,43;227
Rivas - Santa Mónica;2020/04/18 07:00:00;29;81,4;173;485,6;228
Rivas - 1º de Mayo;2020/04/18 07:00:00;16;89,01;135;751;229
Robledo de Chavela;2020/04/18 07:00:00;16;194,29;33;400,73;230
Rosa Luxemburgo;2020/04/18 07:00:00;51;221,3;148;642,19;231
San Andrés;2020/04/18 07:00:00;67;203,79;165;501,87;232
San Blas;2020/04/18 07:00:00;19;53,6;120;338,51;233
San Cristóbal;2020/04/18 07:00:00;48;227,82;134;636,01;234
San Diego;2020/04/18 07:00:00;61;207,02;267;906,13;235
San Fermín;2020/04/18 07:00:00;53;202,58;231;882,96;236
San Fernando;2020/04/18 07:00:00;68;302,54;166;738,57;237
San Isidro;2020/04/18 07:00:00;50;311,68;200;1246,73;238
San Juan de la Cruz;2020/04/18 07:00:00;49;159,21;165;536,11;239
San Lorenzo de El Escorial;2020/04/18 07:00:00;41;202,29;93;458,85;240
San Martín de Valdeiglesias;2020/04/18 07:00:00;21;187,6;79;705,74;241
San Martín de la Vega;2020/04/18 07:00:00;13;63,84;67;329;242
Sanchinarro;2020/04/18 07:00:00;61;214,2;227;797,11;243
Santa Eugenia;2020/04/18 07:00:00;61;217,3;322;1147,05;244
Sector Embarcaciones;2020/04/18 07:00:00;59;258,85;178;780,94;245
Sector III;2020/04/18 07:00:00;50;174,68;192;670,79;246
Sector Oficios;2020/04/18 07:00:00;39;154,41;105;415,73;247
Segovia;2020/04/18 07:00:00;37;158,42;159;680,77;248
Segre;2020/04/18 07:00:00;69;179,57;260;676,64;249
Sevilla la Nueva;2020/04/18 07:00:00;51;433,78;81;688,95;250
Sierra de Guadarrama;2020/04/18 07:00:00;28;162,06;70;405,14;251
Silvano;2020/04/18 07:00:00;63;165,57;246;646,5;252
Simancas;2020/04/18 07:00:00;63;366,71;240;1396,97;253
Soto del Real;2020/04/18 07:00:00;38;159,33;126;528,3;254
Sánchez Morate;2020/04/18 07:00:00;35;151,67;96;416;255
Torrelaguna;2020/04/18 07:00:00;6;93,96;26;407,14;256
Torrelodones;2020/04/18 07:00:00;53;157,76;154;458,4;257
Torres de la Alameda;2020/04/18 07:00:00;35;159,47;183;833,79;258
V Centenario;2020/04/18 07:00:00;49;231,96;100;473,4;259
Valdeacederas;2020/04/18 07:00:00;88;336,55;295;1128,19;260
Valdebernardo;2020/04/18 07:00:00;35;181,9;202;1049,84;261
Valdelasfuentes;2020/04/18 07:00:00;33;136,82;113;468,51;262
Valdemorillo;2020/04/18 07:00:00;17;140,25;37;305,26;263
Valdemoro;2020/04/18 07:00:00;44;117,68;372;994,95;264
Valderribas;2020/04/18 07:00:00;16;88;92;506,02;265
Valdezarza;2020/04/18 07:00:00;116;243,86;387;813,57;266
Valle Inclán;2020/04/18 07:00:00;14;135,62;59;571,54;267
Valle de la Oliva;2020/04/18 07:00:00;19;62,92;105;347,72;268
Valleaguado;2020/04/18 07:00:00;50;198,15;215;852,03;269
Vandel;2020/04/18 07:00:00;88;366,41;399;1661,32;270
Vicente Muzas;2020/04/18 07:00:00;40;182,51;138;629,65;271
Vicálvaro - Artilleros;2020/04/18 07:00:00;33;158,14;168;805,1;272
Vicálvaro - Villablanca;2020/04/18 07:00:00;60;441,21;228;1676,59;273
Villa Vallecas;2020/04/18 07:00:00;49;165,85;396;1340,33;274
Villa del Prado;2020/04/18 07:00:00;60;624,15;121;1258,71;275
Villaamil;2020/04/18 07:00:00;64;249,92;282;1101,22;276
Villanueva de la Cañada;2020/04/18 07:00:00;54;143,47;169;449;277
Villanueva del Pardillo;2020/04/18 07:00:00;17;100,66;70;414,47;278
Villarejo de Salvanés;2020/04/18 07:00:00;16;112,49;73;513,22;279
Villaviciosa de Odón;2020/04/18 07:00:00;33;118,96;158;569,57;280
Vinateros - Torito;2020/04/18 07:00:00;96;276,84;355;1023,73;281
Virgen de Begoña;2020/04/18 07:00:00;51;495;192;1863,53;282
Virgen del Cortijo;2020/04/18 07:00:00;17;119,05;71;497,2;283
Virgen del Val;2020/04/18 07:00:00;23;189,21;145;1192,83;284
Vista Alegre;2020/04/18 07:00:00;69;145,64;247;521,35;285
Zofío;2020/04/18 07:00:00;55;189,81;236;814,47;286
Abrantes;2020/04/17 07:00:00;71;240,61;229;776,06;001
Acacias;2020/04/17 07:00:00;36;185,08;161;827,72;002
Adelfas;2020/04/17 07:00:00;41;148;213;768,9;003
Alameda;2020/04/17 07:00:00;50;232,09;165;765,91;004
Alameda de Osuna;2020/04/17 07:00:00;56;182,23;245;797,27;005
Alcalde Bartolomé González;2020/04/17 07:00:00;66;286,56;193;837,96;006
Alcalá de Guadaira;2020/04/17 07:00:00;32;244,99;138;1056,5;007
Alcobendas - Chopera;2020/04/17 07:00:00;39;123,3;98;309,82;008
Alcocer;2020/04/17 07:00:00;40;305,06;169;1288,9;009
Algete;2020/04/17 07:00:00;68;229,25;138;465,24;010
Alicante;2020/04/17 07:00:00;39;138,57;195;692,87;011
Almendrales;2020/04/17 07:00:00;49;178,78;187;682,28;012
Alpedrete;2020/04/17 07:00:00;27;187,07;88;609,71;013
Alpes;2020/04/17 07:00:00;93;239,45;350;901,16;014
Andrés Mellado;2020/04/17 07:00:00;69;284,24;196;807,42;015
Ángela Uriarte;2020/04/17 07:00:00;55;199,7;227;824,23;016
Antonio Leyva;2020/04/17 07:00:00;26;214,96;103;851,59;017
Aquitania;2020/04/17 07:00:00;50;212,27;187;793,89;018
Aranjuez;2020/04/17 07:00:00;67;151,72;284;643,1;019
Aravaca;2020/04/17 07:00:00;82;207,26;248;626,83;020
Arganda del Rey;2020/04/17 07:00:00;62;256,54;150;620,66;021
Arganda - Felicidad;2020/04/17 07:00:00;36;106,58;137;405,61;022
Argüelles;2020/04/17 07:00:00;29;109,5;114;430,45;023
Arroyomolinos;2020/04/17 07:00:00;46;176,32;136;521,29;024
Barajas;2020/04/17 07:00:00;28;127,56;110;501,12;025
Barcelona;2020/04/17 07:00:00;52;214,06;185;761,57;026
Barrio del Puerto;2020/04/17 07:00:00;16;113,93;66;469,95;027
Baviera;2020/04/17 07:00:00;38;258,94;181;1233,39;028
Benita de Ávila;2020/04/17 07:00:00;49;234,65;209;1000,86;029
Boadilla del Monte;2020/04/17 07:00:00;71;134,38;226;427,73;030
Brújula;2020/04/17 07:00:00;19;89,24;140;657,59;031
Buenavista;2020/04/17 07:00:00;40;169,83;172;730,27;032
Buitrago de Lozoya;2020/04/17 07:00:00;14;291,67;35;729,17;033
Bustarviejo;2020/04/17 07:00:00;93;438,99;258;1217,84;034
Butarque;2020/04/17 07:00:00;31;169,69;126;689,69;035
Cadalso de los Vidrios;2020/04/17 07:00:00;10;185,32;28;518,9;036
Campamento;2020/04/17 07:00:00;32;208,86;130;848,51;037
Campo Real;2020/04/17 07:00:00;19;108,81;76;435,23;038
Campo de la Paloma;2020/04/17 07:00:00;38;197,07;179;928,33;039
Canal de Panamá;2020/04/17 07:00:00;56;187,02;209;697,97;040
Canillejas;2020/04/17 07:00:00;64;163,66;253;646,96;041
Carabanchel Alto;2020/04/17 07:00:00;18;83,31;135;624,83;042
Caramuel;2020/04/17 07:00:00;47;192,69;184;754,38;043
Carmen Calzado;2020/04/17 07:00:00;29;174,5;186;1119,2;044
Casa de Campo;2020/04/17 07:00:00;53;399,46;259;1952,07;045
Castelló;2020/04/17 07:00:00;11;48,97;71;316,1;046
Castilla la Nueva;2020/04/17 07:00:00;38;157,64;171;709,4;047
Cea Bermúdez;2020/04/17 07:00:00;44;175,94;178;711,77;048
Cercedilla;2020/04/17 07:00:00;55;385,1;137;959,25;049
Chopera;2020/04/17 07:00:00;59;159,9;262;710,05;050
Ciempozuelos;2020/04/17 07:00:00;19;71,27;157;588,9;051
Ciudad San Pablo;2020/04/17 07:00:00;23;181,72;88;695,27;052
Ciudad de los Periodistas;2020/04/17 07:00:00;108;392,57;391;1421,25;053
Collado Mediano;2020/04/17 07:00:00;22;178,21;43;348,32;054
Collado Villalba Estación;2020/04/17 07:00:00;63;197,22;151;472,7;055
Collado Villalba Pueblo;2020/04/17 07:00:00;54;269,29;121;603,4;056
Colmenar Viejo Norte;2020/04/17 07:00:00;65;271,25;143;596,75;057
Colmenar Viejo Sur;2020/04/17 07:00:00;62;234,49;141;533,28;058
Colmenar de Oreja;2020/04/17 07:00:00;18;102,17;55;312,18;059
Comillas;2020/04/17 07:00:00;45;197,57;168;737,59;060
Cortes;2020/04/17 07:00:00;51;170,84;200;669,95;061
Coslada - Jaime Vera;2020/04/17 07:00:00;61;455,63;143;1068,12;062
Cuzco;2020/04/17 07:00:00;56;229,85;195;800,36;063
Daganzo de Arriba;2020/04/17 07:00:00;11;63,88;62;360,05;064
Daroca;2020/04/17 07:00:00;71;169,58;256;611,46;065
Dehesa Vieja;2020/04/17 07:00:00;36;131,4;98;357,7;066
Dos de Mayo;2020/04/17 07:00:00;99;269,93;267;728;067
Doctor Cirajas;2020/04/17 07:00:00;84;219,65;308;805,38;068
Doctor Laín Entralgo;2020/04/17 07:00:00;59;233,64;226;894,94;069
Doctor Luengo Rodríguez;2020/04/17 07:00:00;59;178,04;174;525,08;070
Doctor Tamames;2020/04/17 07:00:00;51;220,97;190;823,22;071
Doctor Trueta;2020/04/17 07:00:00;29;226,65;90;703,4;072
El Bercial;2020/04/17 07:00:00;16;110,93;54;374,38;073
El Escorial;2020/04/17 07:00:00;23;138,36;55;330,87;074
El Espinillo;2020/04/17 07:00:00;27;146,76;150;815,31;075
El Greco;2020/04/17 07:00:00;22;100,17;65;295,95;076
El Juncal;2020/04/17 07:00:00;41;145,2;217;768,5;077
El Molar;2020/04/17 07:00:00;59;180,46;115;351,75;078
El Naranjo;2020/04/17 07:00:00;27;131,25;119;578,48;079
El Pardo;2020/04/17 07:00:00;16;554,98;59;2046,48;080
El Restón;2020/04/17 07:00:00;21;53,83;214;548,59;081
El Soto;2020/04/17 07:00:00;66;339,84;183;942,28;082
Eloy Gonzalo;2020/04/17 07:00:00;62;175,81;234;663,53;083
Embajadores;2020/04/17 07:00:00;53;171,64;234;757,82;084
Ensanche Vallecas;2020/04/17 07:00:00;56;114,26;340;693,71;085
Entrevías;2020/04/17 07:00:00;43;151,36;227;799,04;086
Espronceda;2020/04/17 07:00:00;96;235,94;358;879,84;087
Estrecho de Corea;2020/04/17 07:00:00;80;251,09;303;951,01;088
Estrella;2020/04/17 07:00:00;40;275,07;147;1010,87;089
Europa;2020/04/17 07:00:00;70;347,52;252;1251,05;090
Federica Montseny;2020/04/17 07:00:00;63;284,37;357;1611,45;091
Felipe II;2020/04/17 07:00:00;42;198,13;169;797,25;092
Francia;2020/04/17 07:00:00;39;103,89;207;551,43;093
Fuencarral;2020/04/17 07:00:00;47;175,3;142;529,63;094
Fuente el Saz;2020/04/17 07:00:00;27;143,77;66;351,44;095
Fuentelarreina;2020/04/17 07:00:00;74;340,12;218;1001,98;096
Galapagar;2020/04/17 07:00:00;68;164,81;190;460,51;097
Gandhi;2020/04/17 07:00:00;32;165,86;129;668,64;098
García Noblejas;2020/04/17 07:00:00;35;148,66;149;632,86;099
General Fanjul;2020/04/17 07:00:00;58;249,81;220;947,54;100
General Moscardó;2020/04/17 07:00:00;80;401,73;224;1124,84;101
General Oráa;2020/04/17 07:00:00;43;231,81;154;830,19;102
General Ricardos;2020/04/17 07:00:00;75;270,37;251;904,83;103
Getafe Norte;2020/04/17 07:00:00;22;146,37;71;472,39;104
Goya;2020/04/17 07:00:00;136;223,77;578;951,03;105
Gregorio Marañón;2020/04/17 07:00:00;68;239,79;192;677,06;106
Griñón;2020/04/17 07:00:00;62;166,15;179;479,7;107
Guadarrama;2020/04/17 07:00:00;52;329,16;110;696,29;108
Guayaba;2020/04/17 07:00:00;29;163,01;153;860,03;109
Guzmán el Bueno;2020/04/17 07:00:00;45;193,6;192;826,02;110
Huerta de Los Frailes;2020/04/17 07:00:00;45;316,14;167;1173,25;111
Humanes de Madrid;2020/04/17 07:00:00;29;111,69;112;431,37;112
Ibiza;2020/04/17 07:00:00;80;231,9;310;898,63;113
Imperial;2020/04/17 07:00:00;56;211,53;195;736,57;114
Infanta Mercedes;2020/04/17 07:00:00;39;267,56;149;1022,23;115
Isabel II;2020/04/17 07:00:00;41;114,96;262;734,59;116
Jazmín;2020/04/17 07:00:00;32;117,72;147;540,8;117
Juan de Austria;2020/04/17 07:00:00;33;155,35;226;1063,88;118
Juan de la Cierva;2020/04/17 07:00:00;63;199,87;199;631,35;119
Justicia;2020/04/17 07:00:00;33;205,72;105;654,57;120
La Cabrera;2020/04/17 07:00:00;15;221,17;33;486,58;121
La Elipa;2020/04/17 07:00:00;38;278,9;124;910,09;122
La Garena;2020/04/17 07:00:00;7;103,87;41;608,4;123
La Marazuela;2020/04/17 07:00:00;26;228,55;75;659,28;124
La Moraleja;2020/04/17 07:00:00;27;109,16;95;384,09;125
La Plata;2020/04/17 07:00:00;16;61,98;150;581,08;126
La Princesa;2020/04/17 07:00:00;38;196,03;141;727,37;127
La Ribota;2020/04/17 07:00:00;32;126;102;401,62;128
La Ventilla;2020/04/17 07:00:00;94;414,01;280;1233,21;129
La Veredilla;2020/04/17 07:00:00;13;78,56;100;604,3;130
Las Águilas;2020/04/17 07:00:00;69;251,87;265;967,33;131
Las Américas;2020/04/17 07:00:00;17;44,3;114;297,05;132
Las Calesas;2020/04/17 07:00:00;78;260,28;259;864,26;133
Las Ciudades;2020/04/17 07:00:00;35;180,25;109;561,36;134
Las Fronteras;2020/04/17 07:00:00;31;89,92;206;597,52;135
Las Margaritas;2020/04/17 07:00:00;46;164,7;134;479,77;136
Las Matas;2020/04/17 07:00:00;18;152,96;45;382,39;137
Las Olivas;2020/04/17 07:00:00;23;119,36;96;498,18;138
Las Rozas;2020/04/17 07:00:00;60;165,15;203;558,77;139
Las Tablas;2020/04/17 07:00:00;23;72,45;112;352,8;140
Lavapiés;2020/04/17 07:00:00;37;142,26;133;511,36;141
Leganés Norte;2020/04/17 07:00:00;50;352,51;273;1924,7;142
Legazpi;2020/04/17 07:00:00;38;148,27;179;698,43;143
Londres;2020/04/17 07:00:00;44;317,39;166;1197,43;144
Los Alperchines;2020/04/17 07:00:00;45;230,17;195;997,39;145
Los Ángeles;2020/04/17 07:00:00;60;168,92;261;734,8;146
Los Castillos;2020/04/17 07:00:00;93;432,84;303;1410,22;147
Los Cármenes;2020/04/17 07:00:00;50;172,8;168;580,59;148
Los Fresnos;2020/04/17 07:00:00;6;50,32;41;343,84;149
Los Pedroches;2020/04/17 07:00:00;73;287,37;340;1338,42;150
Los Rosales;2020/04/17 07:00:00;45;227,3;170;858,67;151
Los Yébenes;2020/04/17 07:00:00;72;195,44;274;743,76;152
Lucero;2020/04/17 07:00:00;104;256,32;359;884,78;153
Luis Vives;2020/04/17 07:00:00;34;119,67;180;633,54;154
Majadahonda;2020/04/17 07:00:00;62;129,78;263;550,53;155
Manuel Merino;2020/04/17 07:00:00;9;71,63;103;819,8;156
Manzanares El Real;2020/04/17 07:00:00;20;133,4;60;400,19;157
Maqueda;2020/04/17 07:00:00;80;274,03;271;928,27;158
Mar Báltico;2020/04/17 07:00:00;139;235,17;577;976,2;159
Marqués de la Valdavia;2020/04/17 07:00:00;36;212,77;67;395,98;160
Martín de Vargas;2020/04/17 07:00:00;28;154,89;115;636,17;161
Martínez de la Riva;2020/04/17 07:00:00;36;216,83;141;849,24;162
María Curie;2020/04/17 07:00:00;25;183,27;87;637,78;163
María Montessori;2020/04/17 07:00:00;83;545,59;295;1939,13;164
María de Guzmán;2020/04/17 07:00:00;50;231,22;300;1387,35;165
Meco;2020/04/17 07:00:00;23;96,51;182;763,71;166
Media Legua;2020/04/17 07:00:00;79;348,96;259;1144,04;167
Mejorada del Campo;2020/04/17 07:00:00;72;163,9;263;598,68;168
Mendiguchía Carriche;2020/04/17 07:00:00;76;297,33;231;903,72;169
Miguel Servet;2020/04/17 07:00:00;42;253,72;133;803,43;170
Miguel de Cervantes;2020/04/17 07:00:00;27;101,95;329;1242,31;171
Miraflores;2020/04/17 07:00:00;66;277,19;140;587,99;172
Mirasierra;2020/04/17 07:00:00;98;318,09;262;850,4;173
Monforte de Lemos;2020/04/17 07:00:00;57;360,69;147;930,2;174
Monovar;2020/04/17 07:00:00;48;256,26;213;1137,15;175
Montecarmelo;2020/04/17 07:00:00;26;144,94;115;641,1;176
Monterrozas;2020/04/17 07:00:00;124;340,9;266;731,29;177
Montesa;2020/04/17 07:00:00;57;210,99;276;1021,62;178
Moralzarzal;2020/04/17 07:00:00;25;191,98;59;453,08;179
Morata de Tajuña;2020/04/17 07:00:00;6;77,25;83;1068,62;180
María Jesús Hereza;2020/04/17 07:00:00;138;402,26;531;1547,83;181
Méndez Álvaro;2020/04/17 07:00:00;41;460,73;163;1831,67;182
Navalcarnero;2020/04/17 07:00:00;65;161,56;197;489,65;183
Navas del Rey;2020/04/17 07:00:00;;59,04;54;797,05;184
Nuestra Señora del Pilar;2020/04/17 07:00:00;17;86,36;114;579,12;185
Numancia;2020/04/17 07:00:00;76;291,5;334;1281,07;186
Nuñez Morgado;2020/04/17 07:00:00;64;279,21;213;929,24;187
Opañel;2020/04/17 07:00:00;56;249,32;200;890,43;188
Orcasitas;2020/04/17 07:00:00;21;91,78;119;520,1;189
Orcasur;2020/04/17 07:00:00;22;168,48;91;696,89;190
Pacífico;2020/04/17 07:00:00;91;264,28;316;917,72;191
Palma Universidad;2020/04/17 07:00:00;65;255,63;163;641,05;192
Palomares;2020/04/17 07:00:00;65;365,6;259;1456,77;193
Panaderas;2020/04/17 07:00:00;50;130,76;214;559,67;194
Paracuellos del Jarama;2020/04/17 07:00:00;20;86,92;62;269,46;195
Parque Coimbra;2020/04/17 07:00:00;63;467,53;128;949,91;196
Parque Europa;2020/04/17 07:00:00;25;81,25;126;409,5;197
Parque Loranca;2020/04/17 07:00:00;28;90,16;133;428,27;198
Parque Oeste;2020/04/17 07:00:00;32;224,97;109;766,31;199
Pavones;2020/04/17 07:00:00;36;224,4;162;1009,79;200
Perales de Tajuña;2020/04/17 07:00:00;11;124,6;64;724,97;201
Perales del Río;2020/04/17 07:00:00;14;148,71;65;690,46;202
Peña Prieta;2020/04/17 07:00:00;40;201,43;150;755,36;203
Peñagrande;2020/04/17 07:00:00;56;204,04;223;812,53;204
Pilar;2020/04/17 07:00:00;176;406,27;572;1320,38;205
Pinto;2020/04/17 07:00:00;14;62,55;60;268,06;206
Pintores;2020/04/17 07:00:00;16;58,79;125;459,32;207
Pizarro;2020/04/17 07:00:00;57;346,63;177;1076,38;208
Portazgo;2020/04/17 07:00:00;69;322,05;263;1227,54;209
Potosí;2020/04/17 07:00:00;55;185,96;234;791,16;210
Pozo de Tío Raimundo;2020/04/17 07:00:00;18;188,01;79;825,15;211
Pozuelo - Estación;2020/04/17 07:00:00;64;175,97;235;646,15;212
Pozuelo - Somosaguas;2020/04/17 07:00:00;20;94,54;114;538,91;213
Presentación Sabio;2020/04/17 07:00:00;53;189,76;178;637,31;214
Prosperidad;2020/04/17 07:00:00;132;235,88;564;1007,84;215
Puerta Bonita;2020/04/17 07:00:00;32;182,19;160;910,95;216
Puerta de Madrid;2020/04/17 07:00:00;24;173,88;155;1122,94;217
Puerta del Ángel;2020/04/17 07:00:00;54;259,27;176;845,02;218
Quinta de los Molinos;2020/04/17 07:00:00;19;94,22;97;481,03;219
Rafael Alberti;2020/04/17 07:00:00;38;170,49;144;646,06;220
Ramón y Cajal;2020/04/17 07:00:00;64;274,4;245;1050,42;221
Rascafría;2020/04/17 07:00:00;;88,81;;222,02;222
Reina Victoria;2020/04/17 07:00:00;95;284,93;335;1004,74;223
Rejas;2020/04/17 07:00:00;19;110,4;77;447,41;224
Reyes Católicos;2020/04/17 07:00:00;49;242,89;107;530,39;225
Reyes Magos;2020/04/17 07:00:00;44;148,06;330;1110,44;226
Rivas - La Paz;2020/04/17 07:00:00;49;150,63;177;544,13;227
Rivas - Santa Mónica;2020/04/17 07:00:00;38;106,66;171;479,99;228
Rivas - 1º de Mayo;2020/04/17 07:00:00;19;105,7;134;745,44;229
Robledo de Chavela;2020/04/17 07:00:00;15;182,15;31;376,44;230
Rosa Luxemburgo;2020/04/17 07:00:00;57;247,33;145;629,18;231
San Andrés;2020/04/17 07:00:00;65;197,71;161;489,7;232
San Blas;2020/04/17 07:00:00;21;59,24;120;338,51;233
San Cristóbal;2020/04/17 07:00:00;47;223,08;130;617,02;234
San Diego;2020/04/17 07:00:00;66;223,99;263;892,55;235
San Fermín;2020/04/17 07:00:00;53;202,58;225;860,03;236
San Fernando;2020/04/17 07:00:00;71;315,89;160;711,87;237
San Isidro;2020/04/17 07:00:00;54;336,62;193;1203,09;238
San Juan de la Cruz;2020/04/17 07:00:00;44;142,96;152;493,88;239
San Lorenzo de El Escorial;2020/04/17 07:00:00;39;192,42;90;444,05;240
San Martín de Valdeiglesias;2020/04/17 07:00:00;22;196,53;78;696,8;241
San Martín de la Vega;2020/04/17 07:00:00;13;63,84;65;319,18;242
Sanchinarro;2020/04/17 07:00:00;66;231,76;223;783,06;243
Santa Eugenia;2020/04/17 07:00:00;64;227,99;315;1122,11;244
Sector Embarcaciones;2020/04/17 07:00:00;69;302,72;174;763,39;245
Sector III;2020/04/17 07:00:00;50;174,68;186;649,83;246
Sector Oficios;2020/04/17 07:00:00;40;158,37;102;403,85;247
Segovia;2020/04/17 07:00:00;43;184,11;156;667,92;248
Segre;2020/04/17 07:00:00;68;176,97;251;653,22;249
Sevilla la Nueva;2020/04/17 07:00:00;50;425,28;78;663,43;250
Sierra de Guadarrama;2020/04/17 07:00:00;26;150,48;67;387,78;251
Silvano;2020/04/17 07:00:00;64;168,2;242;635,99;252
Simancas;2020/04/17 07:00:00;66;384,17;233;1356,23;253
Soto del Real;2020/04/17 07:00:00;38;159,33;122;511,53;254
Sánchez Morate;2020/04/17 07:00:00;35;151,67;92;398,67;255
Torrelaguna;2020/04/17 07:00:00;9;140,93;26;407,14;256
Torrelodones;2020/04/17 07:00:00;49;145,86;146;434,59;257
Torres de la Alameda;2020/04/17 07:00:00;33;150,36;179;815,56;258
V Centenario;2020/04/17 07:00:00;54;255,63;98;463,93;259
Valdeacederas;2020/04/17 07:00:00;97;370,97;292;1116,72;260
Valdebernardo;2020/04/17 07:00:00;45;233,88;196;1018,66;261
Valdelasfuentes;2020/04/17 07:00:00;39;161,7;112;464,36;262
Valdemorillo;2020/04/17 07:00:00;16;132;33;272,25;263
Valdemoro;2020/04/17 07:00:00;45;120,36;368;984,25;264
Valderribas;2020/04/17 07:00:00;17;93,5;91;500,52;265
Valdezarza;2020/04/17 07:00:00;124;260,68;379;796,75;266
Valle Inclán;2020/04/17 07:00:00;14;135,62;58;561,85;267
Valle de la Oliva;2020/04/17 07:00:00;17;56,3;100;331,16;268
Valleaguado;2020/04/17 07:00:00;61;241,74;215;852,03;269
Vandel;2020/04/17 07:00:00;96;399,72;391;1628,01;270
Vicente Muzas;2020/04/17 07:00:00;40;182,51;137;625,09;271
Vicálvaro - Artilleros;2020/04/17 07:00:00;38;182,11;167;800,31;272
Vicálvaro - Villablanca;2020/04/17 07:00:00;68;500,04;222;1632,47;273
Villa Vallecas;2020/04/17 07:00:00;52;176;394;1333,56;274
Villa del Prado;2020/04/17 07:00:00;57;592,95;115;1196,3;275
Villaamil;2020/04/17 07:00:00;69;269,45;281;1097,31;276
Villanueva de la Cañada;2020/04/17 07:00:00;45;119,56;156;414,46;277
Villanueva del Pardillo;2020/04/17 07:00:00;16;94,74;68;402,63;278
Villarejo de Salvanés;2020/04/17 07:00:00;19;133,58;72;506,19;279
Villaviciosa de Odón;2020/04/17 07:00:00;33;118,96;157;565,97;280
Vinateros - Torito;2020/04/17 07:00:00;98;282,61;349;1006,43;281
Virgen de Begoña;2020/04/17 07:00:00;52;504,71;185;1795,59;282
Virgen del Cortijo;2020/04/17 07:00:00;18;126,05;70;490,2;283
Virgen del Val;2020/04/17 07:00:00;22;180,98;143;1176,37;284
Vista Alegre;2020/04/17 07:00:00;73;154,08;242;510,8;285
Zofío;2020/04/17 07:00:00;50;172,56;229;790,31;286
Abrantes;2020/04/16 07:00:00;69;233,83;223;755,73;001
Acacias;2020/04/16 07:00:00;32;164,52;153;786,59;002
Adelfas;2020/04/16 07:00:00;49;176,88;208;750,85;003
Alameda;2020/04/16 07:00:00;49;227,45;155;719,49;004
Alameda de Osuna;2020/04/16 07:00:00;64;208,27;241;784,25;005
Alcalde Bartolomé González;2020/04/16 07:00:00;67;290,9;189;820,6;006
Alcalá de Guadaira;2020/04/16 07:00:00;34;260,3;137;1048,84;007
Alcobendas - Chopera;2020/04/16 07:00:00;39;123,3;96;303,5;008
Alcocer;2020/04/16 07:00:00;41;312,69;164;1250,76;009
Algete;2020/04/16 07:00:00;71;239,36;137;461,87;010
Alicante;2020/04/16 07:00:00;38;135,02;191;678,65;011
Almendrales;2020/04/16 07:00:00;51;186,08;185;674,99;012
Alpedrete;2020/04/16 07:00:00;24;166,29;81;561,21;013
Alpes;2020/04/16 07:00:00;107;275,5;342;880,56;014
Andrés Mellado;2020/04/16 07:00:00;64;263,65;184;757,98;015
Ángela Uriarte;2020/04/16 07:00:00;57;206,96;223;809,7;016
Antonio Leyva;2020/04/16 07:00:00;23;190,16;98;810,25;017
Aquitania;2020/04/16 07:00:00;48;203,78;181;768,41;018
Aranjuez;2020/04/16 07:00:00;69;156,25;281;636,31;019
Aravaca;2020/04/16 07:00:00;78;197,15;239;604,08;020
Arganda del Rey;2020/04/16 07:00:00;65;268,95;148;612,38;021
Arganda - Felicidad;2020/04/16 07:00:00;37;109,55;137;405,61;022
Argüelles;2020/04/16 07:00:00;29;109,5;107;404,02;023
Arroyomolinos;2020/04/16 07:00:00;48;183,99;134;513,63;024
Barajas;2020/04/16 07:00:00;33;150,33;110;501,12;025
Barcelona;2020/04/16 07:00:00;49;201,71;178;732,75;026
Barrio del Puerto;2020/04/16 07:00:00;16;113,93;66;469,95;027
Baviera;2020/04/16 07:00:00;38;258,94;175;1192,5;028
Benita de Ávila;2020/04/16 07:00:00;47;225,07;205;981,71;029
Boadilla del Monte;2020/04/16 07:00:00;71;134,38;219;414,48;030
Brújula;2020/04/16 07:00:00;21;98,64;140;657,59;031
Buenavista;2020/04/16 07:00:00;38;161,34;165;700,55;032
Buitrago de Lozoya;2020/04/16 07:00:00;14;291,67;34;708,33;033
Bustarviejo;2020/04/16 07:00:00;94;443,71;252;1189,52;034
Butarque;2020/04/16 07:00:00;30;164,21;123;673,27;035
Cadalso de los Vidrios;2020/04/16 07:00:00;9;166,79;26;481,84;036
Campamento;2020/04/16 07:00:00;31;202,34;128;835,45;037
Campo Real;2020/04/16 07:00:00;27;154,62;75;429,5;038
Campo de la Paloma;2020/04/16 07:00:00;45;233,38;179;928,33;039
Canal de Panamá;2020/04/16 07:00:00;56;187,02;206;687,95;040
Canillejas;2020/04/16 07:00:00;66;168,77;244;623,95;041
Carabanchel Alto;2020/04/16 07:00:00;22;101,82;134;620,2;042
Caramuel;2020/04/16 07:00:00;48;196,79;178;729,78;043
Carmen Calzado;2020/04/16 07:00:00;30;180,52;184;1107,17;044
Casa de Campo;2020/04/16 07:00:00;57;429,61;254;1914,38;045
Castelló;2020/04/16 07:00:00;12;53,43;68;302,75;046
Castilla la Nueva;2020/04/16 07:00:00;41;170,09;169;701,1;047
Cea Bermúdez;2020/04/16 07:00:00;44;175,94;172;687,78;048
Cercedilla;2020/04/16 07:00:00;49;343,09;127;889,23;049
Chopera;2020/04/16 07:00:00;57;154,48;254;688,37;050
Ciempozuelos;2020/04/16 07:00:00;15;56,26;152;570,14;051
Ciudad San Pablo;2020/04/16 07:00:00;22;173,82;84;663,66;052
Ciudad de los Periodistas;2020/04/16 07:00:00;114;414,38;382;1388,54;053
Collado Mediano;2020/04/16 07:00:00;20;162,01;39;315,92;054
Collado Villalba Estación;2020/04/16 07:00:00;52;162,78;136;425,75;055
Collado Villalba Pueblo;2020/04/16 07:00:00;50;249,34;114;568,49;056
Colmenar Viejo Norte;2020/04/16 07:00:00;68;283,77;140;584,23;057
Colmenar Viejo Sur;2020/04/16 07:00:00;63;238,28;138;521,94;058
Colmenar de Oreja;2020/04/16 07:00:00;17;96,49;54;306,5;059
Comillas;2020/04/16 07:00:00;41;180,01;161;706,85;060
Cortes;2020/04/16 07:00:00;52;174,19;195;653,2;061
Coslada - Jaime Vera;2020/04/16 07:00:00;64;478,04;142;1060,65;062
Cuzco;2020/04/16 07:00:00;56;229,85;193;792,15;063
Daganzo de Arriba;2020/04/16 07:00:00;12;69,69;61;354,24;064
Daroca;2020/04/16 07:00:00;81;193,47;250;597,13;065
Dehesa Vieja;2020/04/16 07:00:00;35;127,75;95;346,75;066
Dos de Mayo;2020/04/16 07:00:00;98;267,2;257;700,73;067
Doctor Cirajas;2020/04/16 07:00:00;87;227,49;297;776,61;068
Doctor Laín Entralgo;2020/04/16 07:00:00;67;265,32;224;887,02;069
Doctor Luengo Rodríguez;2020/04/16 07:00:00;59;178,04;169;509,99;070
Doctor Tamames;2020/04/16 07:00:00;56;242,63;187;810,23;071
Doctor Trueta;2020/04/16 07:00:00;31;242,28;88;687,77;072
El Bercial;2020/04/16 07:00:00;18;124,79;52;360,51;073
El Escorial;2020/04/16 07:00:00;18;108,28;51;306,8;074
El Espinillo;2020/04/16 07:00:00;27;146,76;148;804,44;075
El Greco;2020/04/16 07:00:00;20;91,06;62;282,29;076
El Juncal;2020/04/16 07:00:00;47;166,45;214;757,87;077
El Molar;2020/04/16 07:00:00;53;162,11;105;321,16;078
El Naranjo;2020/04/16 07:00:00;28;136,11;117;568,76;079
El Pardo;2020/04/16 07:00:00;11;381,55;54;1873,05;080
El Restón;2020/04/16 07:00:00;17;43,58;209;535,77;081
El Soto;2020/04/16 07:00:00;71;365,58;180;926,83;082
Eloy Gonzalo;2020/04/16 07:00:00;62;175,81;226;640,84;083
Embajadores;2020/04/16 07:00:00;53;171,64;224;725,44;084
Ensanche Vallecas;2020/04/16 07:00:00;63;128,54;335;683,51;085
Entrevías;2020/04/16 07:00:00;49;172,48;227;799,04;086
Espronceda;2020/04/16 07:00:00;91;223,65;346;850,35;087
Estrecho de Corea;2020/04/16 07:00:00;86;269,92;295;925,9;088
Estrella;2020/04/16 07:00:00;40;275,07;145;997,11;089
Europa;2020/04/16 07:00:00;84;417,02;248;1231,2;090
Federica Montseny;2020/04/16 07:00:00;74;334,03;356;1606,93;091
Felipe II;2020/04/16 07:00:00;44;207,57;167;787,81;092
Francia;2020/04/16 07:00:00;42;111,88;205;546,1;093
Fuencarral;2020/04/16 07:00:00;50;186,49;137;510,98;094
Fuente el Saz;2020/04/16 07:00:00;29;154,42;64;340,79;095
Fuentelarreina;2020/04/16 07:00:00;73;335,52;210;965,21;096
Galapagar;2020/04/16 07:00:00;60;145,42;178;431,42;097
Gandhi;2020/04/16 07:00:00;35;181,41;126;653,09;098
García Noblejas;2020/04/16 07:00:00;36;152,91;144;611,62;099
General Fanjul;2020/04/16 07:00:00;57;245,5;213;917,39;100
General Moscardó;2020/04/16 07:00:00;75;376,62;214;1074,62;101
General Oráa;2020/04/16 07:00:00;43;231,81;148;797,84;102
General Ricardos;2020/04/16 07:00:00;79;284,79;243;875,99;103
Getafe Norte;2020/04/16 07:00:00;21;139,72;70;465,74;104
Goya;2020/04/16 07:00:00;139;228,71;571;939,52;105
Gregorio Marañón;2020/04/16 07:00:00;73;257,42;188;662,95;106
Griñón;2020/04/16 07:00:00;64;171,51;176;471,66;107
Guadarrama;2020/04/16 07:00:00;43;272,19;97;614;108
Guayaba;2020/04/16 07:00:00;27;151,77;150;843,17;109
Guzmán el Bueno;2020/04/16 07:00:00;44;189,3;181;778,7;110
Huerta de Los Frailes;2020/04/16 07:00:00;49;344,25;166;1166,22;111
Humanes de Madrid;2020/04/16 07:00:00;28;107,84;109;419,81;112
Ibiza;2020/04/16 07:00:00;85;246,4;302;875,44;113
Imperial;2020/04/16 07:00:00;55;207,75;186;702,58;114
Infanta Mercedes;2020/04/16 07:00:00;41;281,28;145;994,79;115
Isabel II;2020/04/16 07:00:00;101;283,18;257;720,57;116
Jazmín;2020/04/16 07:00:00;30;110,37;141;518,73;117
Juan de Austria;2020/04/16 07:00:00;37;174,18;225;1059,17;118
Juan de la Cierva;2020/04/16 07:00:00;68;215,74;189;599,62;119
Justicia;2020/04/16 07:00:00;32;199,49;100;623,4;120
La Cabrera;2020/04/16 07:00:00;16;235,92;33;486,58;121
La Elipa;2020/04/16 07:00:00;45;330,28;123;902,75;122
La Garena;2020/04/16 07:00:00;7;103,87;41;608,4;123
La Marazuela;2020/04/16 07:00:00;25;219,76;69;606,54;124
La Moraleja;2020/04/16 07:00:00;25;101,08;91;367,91;125
La Plata;2020/04/16 07:00:00;17;65,86;147;569,46;126
La Princesa;2020/04/16 07:00:00;37;190,87;137;706,73;127
La Ribota;2020/04/16 07:00:00;31;122,06;98;385,87;128
La Ventilla;2020/04/16 07:00:00;98;431,62;274;1206,78;129
La Veredilla;2020/04/16 07:00:00;16;96,69;100;604,3;130
Las Águilas;2020/04/16 07:00:00;75;273,77;260;949,08;131
Las Américas;2020/04/16 07:00:00;25;65,14;114;297,05;132
Las Calesas;2020/04/16 07:00:00;76;253,6;257;857,58;133
Las Ciudades;2020/04/16 07:00:00;33;169,95;105;540,76;134
Las Fronteras;2020/04/16 07:00:00;38;110,22;203;588,82;135
Las Margaritas;2020/04/16 07:00:00;49;175,44;132;472,61;136
Las Matas;2020/04/16 07:00:00;15;127,46;42;356,9;137
Las Olivas;2020/04/16 07:00:00;22;114,17;93;482,62;138
Las Rozas;2020/04/16 07:00:00;53;145,88;188;517,48;139
Las Tablas;2020/04/16 07:00:00;26;81,9;112;352,8;140
Lavapiés;2020/04/16 07:00:00;34;130,72;128;492,14;141
Leganés Norte;2020/04/16 07:00:00;57;401,86;271;1910,6;142
Legazpi;2020/04/16 07:00:00;38;148,27;175;682,82;143
Londres;2020/04/16 07:00:00;45;324,61;162;1168,58;144
Los Alperchines;2020/04/16 07:00:00;50;255,74;194;992,28;145
Los Ángeles;2020/04/16 07:00:00;56;157,66;255;717,91;146
Los Castillos;2020/04/16 07:00:00;91;423,53;285;1326,45;147
Los Cármenes;2020/04/16 07:00:00;51;176,25;164;566,77;148
Los Fresnos;2020/04/16 07:00:00;9;75,48;41;343,84;149
Los Pedroches;2020/04/16 07:00:00;82;322,8;336;1322,68;150
Los Rosales;2020/04/16 07:00:00;44;222,24;167;843,52;151
Los Yébenes;2020/04/16 07:00:00;72;195,44;262;711,18;152
Lucero;2020/04/16 07:00:00;98;241,53;345;850,28;153
Luis Vives;2020/04/16 07:00:00;33;116,15;177;622,98;154
Majadahonda;2020/04/16 07:00:00;59;123,5;252;527,51;155
Manuel Merino;2020/04/16 07:00:00;11;87,55;103;819,8;156
Manzanares El Real;2020/04/16 07:00:00;20;133,4;56;373,51;157
Maqueda;2020/04/16 07:00:00;81;277,45;262;897,44;158
Mar Báltico;2020/04/16 07:00:00;154;260,54;570;964,35;159
Marqués de la Valdavia;2020/04/16 07:00:00;35;206,86;65;384,16;160
Martín de Vargas;2020/04/16 07:00:00;25;138,3;111;614,04;161
Martínez de la Riva;2020/04/16 07:00:00;35;210,81;133;801,06;162
María Curie;2020/04/16 07:00:00;32;234,59;86;630,45;163
María Montessori;2020/04/16 07:00:00;90;591,6;288;1893,12;164
María de Guzmán;2020/04/16 07:00:00;51;235,85;297;1373,47;165
Meco;2020/04/16 07:00:00;23;96,51;178;746,93;166
Media Legua;2020/04/16 07:00:00;76;335,7;250;1104,29;167
Mejorada del Campo;2020/04/16 07:00:00;76;173;259;589,57;168
Mendiguchía Carriche;2020/04/16 07:00:00;85;332,54;225;880,25;169
Miguel Servet;2020/04/16 07:00:00;44;265,8;128;773,23;170
Miguel de Cervantes;2020/04/16 07:00:00;36;135,94;328;1238,53;171
Miraflores;2020/04/16 07:00:00;64;268,79;136;571,19;172
Mirasierra;2020/04/16 07:00:00;100;324,58;253;821,19;173
Monforte de Lemos;2020/04/16 07:00:00;60;379,67;146;923,88;174
Monovar;2020/04/16 07:00:00;56;298,97;210;1121,14;175
Montecarmelo;2020/04/16 07:00:00;28;156,09;112;624,37;176
Monterrozas;2020/04/16 07:00:00;131;360,15;261;717,55;177
Montesa;2020/04/16 07:00:00;65;240,6;274;1014,21;178
Moralzarzal;2020/04/16 07:00:00;23;176,62;55;422,36;179
Morata de Tajuña;2020/04/16 07:00:00;11;141,62;83;1068,62;180
María Jesús Hereza;2020/04/16 07:00:00;163;475,14;530;1544,92;181
Méndez Álvaro;2020/04/16 07:00:00;41;460,73;158;1775,48;182
Navalcarnero;2020/04/16 07:00:00;44;109,36;172;427,51;183
Navas del Rey;2020/04/16 07:00:00;;44,28;52;767,53;184
Nuestra Señora del Pilar;2020/04/16 07:00:00;21;106,68;114;579,12;185
Numancia;2020/04/16 07:00:00;89;341,36;330;1265,73;186
Nuñez Morgado;2020/04/16 07:00:00;63;274,85;208;907,43;187
Opañel;2020/04/16 07:00:00;60;267,13;196;872,62;188
Orcasitas;2020/04/16 07:00:00;22;96,15;118;515,73;189
Orcasur;2020/04/16 07:00:00;24;183,8;91;696,89;190
Pacífico;2020/04/16 07:00:00;91;264,28;304;882,87;191
Palma Universidad;2020/04/16 07:00:00;57;224,17;152;597,79;192
Palomares;2020/04/16 07:00:00;76;427,47;257;1445,53;193
Panaderas;2020/04/16 07:00:00;52;135,99;211;551,82;194
Paracuellos del Jarama;2020/04/16 07:00:00;22;95,61;62;269,46;195
Parque Coimbra;2020/04/16 07:00:00;62;460,11;123;912,8;196
Parque Europa;2020/04/16 07:00:00;26;84,5;124;403;197
Parque Loranca;2020/04/16 07:00:00;28;90,16;129;415,39;198
Parque Oeste;2020/04/16 07:00:00;30;210,91;106;745,22;199
Pavones;2020/04/16 07:00:00;40;249,33;160;997,32;200
Perales de Tajuña;2020/04/16 07:00:00;11;124,6;63;713,64;201
Perales del Río;2020/04/16 07:00:00;15;159,34;64;679,84;202
Peña Prieta;2020/04/16 07:00:00;41;206,47;148;745,29;203
Peñagrande;2020/04/16 07:00:00;63;229,55;216;787,03;204
Pilar;2020/04/16 07:00:00;183;422,43;565;1304,22;205
Pinto;2020/04/16 07:00:00;14;62,55;59;263,59;206
Pintores;2020/04/16 07:00:00;15;55,12;122;448,3;207
Pizarro;2020/04/16 07:00:00;62;377,04;173;1052,06;208
Portazgo;2020/04/16 07:00:00;78;364,06;261;1218,2;209
Potosí;2020/04/16 07:00:00;63;213;229;774,25;210
Pozo de Tío Raimundo;2020/04/16 07:00:00;19;198,45;79;825,15;211
Pozuelo - Estación;2020/04/16 07:00:00;55;151,23;223;613,16;212
Pozuelo - Somosaguas;2020/04/16 07:00:00;19;89,82;112;529,45;213
Presentación Sabio;2020/04/16 07:00:00;55;196,92;174;622,99;214
Prosperidad;2020/04/16 07:00:00;142;253,75;554;989,98;215
Puerta Bonita;2020/04/16 07:00:00;35;199,27;158;899,57;216
Puerta de Madrid;2020/04/16 07:00:00;28;202,85;154;1115,7;217
Puerta del Ángel;2020/04/16 07:00:00;51;244,86;171;821,01;218
Quinta de los Molinos;2020/04/16 07:00:00;22;109,1;96;476,07;219
Rafael Alberti;2020/04/16 07:00:00;41;183,95;141;632,6;220
Ramón y Cajal;2020/04/16 07:00:00;71;304,41;237;1016,12;221
Rascafría;2020/04/16 07:00:00;;88,81;;222,02;222
Reina Victoria;2020/04/16 07:00:00;95;284,93;327;980,75;223
Rejas;2020/04/16 07:00:00;19;110,4;75;435,79;224
Reyes Católicos;2020/04/16 07:00:00;51;252,8;104;515,52;225
Reyes Magos;2020/04/16 07:00:00;47;158,15;323;1086,88;226
Rivas - La Paz;2020/04/16 07:00:00;50;153,71;173;531,83;227
Rivas - Santa Mónica;2020/04/16 07:00:00;43;120,7;169;474,37;228
Rivas - 1º de Mayo;2020/04/16 07:00:00;24;133,51;133;739,88;229
Robledo de Chavela;2020/04/16 07:00:00;14;170,01;28;340,01;230
Rosa Luxemburgo;2020/04/16 07:00:00;61;264,69;141;611,82;231
San Andrés;2020/04/16 07:00:00;57;173,37;152;462,33;232
San Blas;2020/04/16 07:00:00;20;56,42;115;324,41;233
San Cristóbal;2020/04/16 07:00:00;46;218,33;126;598,04;234
San Diego;2020/04/16 07:00:00;75;254,53;262;889,16;235
San Fermín;2020/04/16 07:00:00;51;194,94;223;852,38;236
San Fernando;2020/04/16 07:00:00;72;320,34;158;702,97;237
San Isidro;2020/04/16 07:00:00;55;342,85;188;1171,92;238
San Juan de la Cruz;2020/04/16 07:00:00;41;133,22;147;477,63;239
San Lorenzo de El Escorial;2020/04/16 07:00:00;37;182,55;85;419,38;240
San Martín de Valdeiglesias;2020/04/16 07:00:00;25;223,33;74;661,07;241
San Martín de la Vega;2020/04/16 07:00:00;12;58,92;63;309,35;242
Sanchinarro;2020/04/16 07:00:00;68;238,78;219;769,01;243
Santa Eugenia;2020/04/16 07:00:00;62;220,86;312;1111,43;244
Sector Embarcaciones;2020/04/16 07:00:00;73;320,27;170;745,84;245
Sector III;2020/04/16 07:00:00;53;185,17;183;639,35;246
Sector Oficios;2020/04/16 07:00:00;42;166,29;100;395,93;247
Segovia;2020/04/16 07:00:00;45;192,67;150;642,23;248
Segre;2020/04/16 07:00:00;60;156,15;240;624,59;249
Sevilla la Nueva;2020/04/16 07:00:00;34;289,19;59;501,83;250
Sierra de Guadarrama;2020/04/16 07:00:00;23;133,12;59;341,47;251
Silvano;2020/04/16 07:00:00;62;162,94;237;622,85;252
Simancas;2020/04/16 07:00:00;75;436,55;230;1338,77;253
Soto del Real;2020/04/16 07:00:00;40;167,71;122;511,53;254
Sánchez Morate;2020/04/16 07:00:00;41;177,67;91;394,33;255
Torrelaguna;2020/04/16 07:00:00;10;156,59;26;407,14;256
Torrelodones;2020/04/16 07:00:00;44;130,97;134;398,87;257
Torres de la Alameda;2020/04/16 07:00:00;34;154,91;177;806,45;258
V Centenario;2020/04/16 07:00:00;55;260,37;96;454,46;259
Valdeacederas;2020/04/16 07:00:00;93;355,67;285;1089,95;260
Valdebernardo;2020/04/16 07:00:00;50;259,86;194;1008,26;261
Valdelasfuentes;2020/04/16 07:00:00;40;165,84;111;460,22;262
Valdemorillo;2020/04/16 07:00:00;14;115,5;30;247,5;263
Valdemoro;2020/04/16 07:00:00;42;112,33;362;968,2;264
Valderribas;2020/04/16 07:00:00;21;115,51;90;495,02;265
Valdezarza;2020/04/16 07:00:00;103;216,53;349;733,69;266
Valle Inclán;2020/04/16 07:00:00;15;145,31;56;542,48;267
Valle de la Oliva;2020/04/16 07:00:00;20;66,23;99;327,85;268
Valleaguado;2020/04/16 07:00:00;65;257,59;214;848,06;269
Vandel;2020/04/16 07:00:00;101;420,54;381;1586,38;270
Vicente Muzas;2020/04/16 07:00:00;41;187,07;131;597,71;271
Vicálvaro - Artilleros;2020/04/16 07:00:00;42;201,27;165;790,72;272
Vicálvaro - Villablanca;2020/04/16 07:00:00;73;536,8;216;1588,35;273
Villa Vallecas;2020/04/16 07:00:00;68;230,16;394;1333,56;274
Villa del Prado;2020/04/16 07:00:00;61;634,56;115;1196,3;275
Villaamil;2020/04/16 07:00:00;80;312,4;278;1085,6;276
Villanueva de la Cañada;2020/04/16 07:00:00;41;108,93;150;398,52;277
Villanueva del Pardillo;2020/04/16 07:00:00;16;94,74;67;396,71;278
Villarejo de Salvanés;2020/04/16 07:00:00;18;126,55;70;492,13;279
Villaviciosa de Odón;2020/04/16 07:00:00;34;122,57;153;551,55;280
Vinateros - Torito;2020/04/16 07:00:00;101;291,26;341;983,36;281
Virgen de Begoña;2020/04/16 07:00:00;55;533,83;183;1776,18;282
Virgen del Cortijo;2020/04/16 07:00:00;19;133,05;70;490,2;283
Virgen del Val;2020/04/16 07:00:00;27;222,11;141;1159,92;284
Vista Alegre;2020/04/16 07:00:00;74;156,19;231;487,58;285
Zofío;2020/04/16 07:00:00;49;169,11;225;776,5;286
Abrantes;2020/04/15 07:00:00;69;233,83;215;728,62;001
Acacias;2020/04/15 07:00:00;29;149,09;148;760,89;002
Adelfas;2020/04/15 07:00:00;55;198,54;207;747,24;003
Alameda;2020/04/15 07:00:00;47;218,17;152;705,57;004
Alameda de Osuna;2020/04/15 07:00:00;69;224,54;238;774,49;005
Alcalde Bartolomé González;2020/04/15 07:00:00;74;321,29;187;811,91;006
Alcalá de Guadaira;2020/04/15 07:00:00;42;321,54;136;1041,19;007
Alcobendas - Chopera;2020/04/15 07:00:00;39;123,3;94;297,18;008
Alcocer;2020/04/15 07:00:00;41;312,69;160;1220,26;009
Algete;2020/04/15 07:00:00;73;246,11;134;451,76;010
Alicante;2020/04/15 07:00:00;43;152,79;187;664,44;011
Almendrales;2020/04/15 07:00:00;51;186,08;179;653,09;012
Alpedrete;2020/04/15 07:00:00;19;131,64;76;526,57;013
Alpes;2020/04/15 07:00:00;110;283,22;335;862,54;014
Andrés Mellado;2020/04/15 07:00:00;62;255,41;178;733,26;015
Ángela Uriarte;2020/04/15 07:00:00;65;236,01;220;798,81;016
Antonio Leyva;2020/04/15 07:00:00;27;223,23;95;785,45;017
Aquitania;2020/04/15 07:00:00;44;186,8;176;747,19;018
Aranjuez;2020/04/15 07:00:00;80;181,16;277;627,25;019
Aravaca;2020/04/15 07:00:00;80;202,2;235;593,97;020
Arganda del Rey;2020/04/15 07:00:00;73;302,05;147;608,24;021
Arganda - Felicidad;2020/04/15 07:00:00;33;97,7;131;387,85;022
Argüelles;2020/04/15 07:00:00;29;109,5;106;400,24;023
Arroyomolinos;2020/04/15 07:00:00;53;203,15;133;509,79;024
Barajas;2020/04/15 07:00:00;32;145,78;105;478,34;025
Barcelona;2020/04/15 07:00:00;51;209,95;175;720,4;026
Barrio del Puerto;2020/04/15 07:00:00;18;128,17;65;462,83;027
Baviera;2020/04/15 07:00:00;41;279,39;172;1172,06;028
Benita de Ávila;2020/04/15 07:00:00;46;220,29;200;957,76;029
Boadilla del Monte;2020/04/15 07:00:00;70;132,48;213;403,13;030
Brújula;2020/04/15 07:00:00;23;108,03;141;662,28;031
Buenavista;2020/04/15 07:00:00;34;144,36;159;675,07;032
Buitrago de Lozoya;2020/04/15 07:00:00;12;250;32;666,67;033
Bustarviejo;2020/04/15 07:00:00;97;457,87;248;1170,64;034
Butarque;2020/04/15 07:00:00;31;169,69;121;662,32;035
Cadalso de los Vidrios;2020/04/15 07:00:00;10;185,32;26;481,84;036
Campamento;2020/04/15 07:00:00;33;215,39;127;828,93;037
Campo Real;2020/04/15 07:00:00;32;183,26;75;429,5;038
Campo de la Paloma;2020/04/15 07:00:00;50;259,31;175;907,58;039
Canal de Panamá;2020/04/15 07:00:00;53;177;201;671,25;040
Canillejas;2020/04/15 07:00:00;60;153,43;232;593,26;041
Carabanchel Alto;2020/04/15 07:00:00;24;111,08;132;610,94;042
Caramuel;2020/04/15 07:00:00;57;233,69;174;713,38;043
Carmen Calzado;2020/04/15 07:00:00;30;180,52;183;1101,15;044
Casa de Campo;2020/04/15 07:00:00;62;467,29;253;1906,84;045
Castelló;2020/04/15 07:00:00;12;53,43;68;302,75;046
Castilla la Nueva;2020/04/15 07:00:00;43;178,39;168;696,95;047
Cea Bermúdez;2020/04/15 07:00:00;48;191,94;168;671,79;048
Cercedilla;2020/04/15 07:00:00;53;371,1;127;889,23;049
Chopera;2020/04/15 07:00:00;62;168,03;253;685,66;050
Ciempozuelos;2020/04/15 07:00:00;18;67,52;151;566,39;051
Ciudad San Pablo;2020/04/15 07:00:00;22;173,82;84;663,66;052
Ciudad de los Periodistas;2020/04/15 07:00:00;114;414,38;380;1381,27;053
Collado Mediano;2020/04/15 07:00:00;20;162,01;38;307,82;054
Collado Villalba Estación;2020/04/15 07:00:00;50;156,52;131;410,09;055
Collado Villalba Pueblo;2020/04/15 07:00:00;54;269,29;113;563,51;056
Colmenar Viejo Norte;2020/04/15 07:00:00;69;287,94;135;563,37;057
Colmenar Viejo Sur;2020/04/15 07:00:00;68;257,19;133;503,03;058
Colmenar de Oreja;2020/04/15 07:00:00;16;90,82;53;300,83;059
Comillas;2020/04/15 07:00:00;42;184,4;159;698,07;060
Cortes;2020/04/15 07:00:00;54;180,89;191;639,8;061
Coslada - Jaime Vera;2020/04/15 07:00:00;65;485,51;140;1045,71;062
Cuzco;2020/04/15 07:00:00;58;238,06;188;771,63;063
Daganzo de Arriba;2020/04/15 07:00:00;14;81,3;60;348,43;064
Daroca;2020/04/15 07:00:00;88;210,19;246;587,57;065
Dehesa Vieja;2020/04/15 07:00:00;39;142,35;95;346,75;066
Dos de Mayo;2020/04/15 07:00:00;100;272,66;248;676,19;067
Doctor Cirajas;2020/04/15 07:00:00;86;224,88;287;750,46;068
Doctor Laín Entralgo;2020/04/15 07:00:00;70;277,19;221;875,14;069
Doctor Luengo Rodríguez;2020/04/15 07:00:00;60;181,06;164;494,9;070
Doctor Tamames;2020/04/15 07:00:00;58;251,3;185;801,56;071
Doctor Trueta;2020/04/15 07:00:00;32;250,1;86;672,14;072
El Bercial;2020/04/15 07:00:00;18;124,79;52;360,51;073
El Escorial;2020/04/15 07:00:00;19;114,3;51;306,8;074
El Espinillo;2020/04/15 07:00:00;27;146,76;143;777,26;075
El Greco;2020/04/15 07:00:00;20;91,06;61;277,74;076
El Juncal;2020/04/15 07:00:00;46;162,91;213;754,33;077
El Molar;2020/04/15 07:00:00;55;168,23;103;315,04;078
El Naranjo;2020/04/15 07:00:00;27;131,25;116;563,9;079
El Pardo;2020/04/15 07:00:00;12;416,23;53;1838,36;080
El Restón;2020/04/15 07:00:00;17;43,58;208;533,21;081
El Soto;2020/04/15 07:00:00;70;360,43;171;880,49;082
Eloy Gonzalo;2020/04/15 07:00:00;63;178,64;218;618,16;083
Embajadores;2020/04/15 07:00:00;58;187,84;221;715,72;084
Ensanche Vallecas;2020/04/15 07:00:00;70;142,82;331;675,34;085
Entrevías;2020/04/15 07:00:00;66;232,32;226;795,52;086
Espronceda;2020/04/15 07:00:00;99;243,31;338;830,69;087
Estrecho de Corea;2020/04/15 07:00:00;77;241,67;282;885,09;088
Estrella;2020/04/15 07:00:00;38;261,31;140;962,73;089
Europa;2020/04/15 07:00:00;91;451,77;245;1216,3;090
Federica Montseny;2020/04/15 07:00:00;85;383,68;355;1602,42;091
Felipe II;2020/04/15 07:00:00;50;235,87;165;778,38;092
Francia;2020/04/15 07:00:00;44;117,21;202;538,11;093
Fuencarral;2020/04/15 07:00:00;52;193,95;135;503,52;094
Fuente el Saz;2020/04/15 07:00:00;31;165,07;63;335,46;095
Fuentelarreina;2020/04/15 07:00:00;74;340,12;203;933,03;096
Galapagar;2020/04/15 07:00:00;66;159,97;173;419,3;097
Gandhi;2020/04/15 07:00:00;38;196,96;122;632,35;098
García Noblejas;2020/04/15 07:00:00;38;161,4;141;598,88;099
General Fanjul;2020/04/15 07:00:00;63;271,34;206;887,24;100
General Moscardó;2020/04/15 07:00:00;77;386,66;213;1069,6;101
General Oráa;2020/04/15 07:00:00;43;231,81;145;781,67;102
General Ricardos;2020/04/15 07:00:00;68;245,13;218;785,87;103
Getafe Norte;2020/04/15 07:00:00;20;133,07;68;452,43;104
Goya;2020/04/15 07:00:00;149;245,16;566;931,29;105
Gregorio Marañón;2020/04/15 07:00:00;78;275,05;185;652,37;106
Griñón;2020/04/15 07:00:00;63;168,83;170;455,58;107
Guadarrama;2020/04/15 07:00:00;44;278,52;94;595,01;108
Guayaba;2020/04/15 07:00:00;26;146,15;146;820,69;109
Guzmán el Bueno;2020/04/15 07:00:00;50;215,11;181;778,7;110
Huerta de Los Frailes;2020/04/15 07:00:00;55;386,4;164;1152,17;111
Humanes de Madrid;2020/04/15 07:00:00;32;123,25;109;419,81;112
Ibiza;2020/04/15 07:00:00;86;249,3;293;849,35;113
Imperial;2020/04/15 07:00:00;59;222,86;180;679,91;114
Infanta Mercedes;2020/04/15 07:00:00;42;288,14;140;960,48;115
Isabel II;2020/04/15 07:00:00;135;378,51;253;709,36;116
Jazmín;2020/04/15 07:00:00;34;125,08;139;511,37;117
Juan de Austria;2020/04/15 07:00:00;36;169,47;224;1054,47;118
Juan de la Cierva;2020/04/15 07:00:00;67;212,56;183;580,58;119
Justicia;2020/04/15 07:00:00;34;211,96;99;617,17;120
La Cabrera;2020/04/15 07:00:00;17;250,66;32;471,84;121
La Elipa;2020/04/15 07:00:00;49;359,63;122;895,41;122
La Garena;2020/04/15 07:00:00;7;103,87;40;593,56;123
La Marazuela;2020/04/15 07:00:00;22;193,39;64;562,59;124
La Moraleja;2020/04/15 07:00:00;23;92,99;87;351,74;125
La Plata;2020/04/15 07:00:00;18;69,73;147;569,46;126
La Princesa;2020/04/15 07:00:00;40;206,35;135;696,41;127
La Ribota;2020/04/15 07:00:00;29;114,19;94;370,12;128
La Ventilla;2020/04/15 07:00:00;104;458,05;273;1202,38;129
La Veredilla;2020/04/15 07:00:00;16;96,69;100;604,3;130
Las Águilas;2020/04/15 07:00:00;74;270,12;248;905,27;131
Las Américas;2020/04/15 07:00:00;28;72,96;113;294,45;132
Las Calesas;2020/04/15 07:00:00;78;260,28;253;844,23;133
Las Ciudades;2020/04/15 07:00:00;31;159,65;101;520,16;134
Las Fronteras;2020/04/15 07:00:00;39;113,12;202;585,91;135
Las Margaritas;2020/04/15 07:00:00;48;171,86;128;458,29;136
Las Matas;2020/04/15 07:00:00;13;110,47;40;339,9;137
Las Olivas;2020/04/15 07:00:00;24;124,55;92;477,43;138
Las Rozas;2020/04/15 07:00:00;50;137,63;180;495,46;139
Las Tablas;2020/04/15 07:00:00;27;85,05;111;349,65;140
Lavapiés;2020/04/15 07:00:00;35;134,57;126;484,45;141
Leganés Norte;2020/04/15 07:00:00;78;549,92;267;1882,4;142
Legazpi;2020/04/15 07:00:00;41;159,98;174;678,92;143
Londres;2020/04/15 07:00:00;40;288,54;154;1110,87;144
Los Alperchines;2020/04/15 07:00:00;54;276,2;193;987,16;145
Los Ángeles;2020/04/15 07:00:00;58;163,29;253;712,27;146
Los Castillos;2020/04/15 07:00:00;103;479,38;278;1293,87;147
Los Cármenes;2020/04/15 07:00:00;44;152,06;143;494,19;148
Los Fresnos;2020/04/15 07:00:00;8;67,09;40;335,46;149
Los Pedroches;2020/04/15 07:00:00;85;334,61;328;1291,19;150
Los Rosales;2020/04/15 07:00:00;42;212,14;165;833,42;151
Los Yébenes;2020/04/15 07:00:00;56;152,01;223;605,32;152
Lucero;2020/04/15 07:00:00;96;236,6;329;810,84;153
Luis Vives;2020/04/15 07:00:00;32;112,63;176;619,46;154
Majadahonda;2020/04/15 07:00:00;65;136,06;250;523,32;155
Manuel Merino;2020/04/15 07:00:00;13;103,47;103;819,8;156
Manzanares El Real;2020/04/15 07:00:00;23;153,4;54;360,17;157
Maqueda;2020/04/15 07:00:00;87;298,01;252;863,19;158
Mar Báltico;2020/04/15 07:00:00;149;252,09;554;937,28;159
Marqués de la Valdavia;2020/04/15 07:00:00;34;200,95;62;366,43;160
Martín de Vargas;2020/04/15 07:00:00;29;160,42;108;597,44;161
Martínez de la Riva;2020/04/15 07:00:00;43;258,99;133;801,06;162
María Curie;2020/04/15 07:00:00;33;241,92;84;615,79;163
María Montessori;2020/04/15 07:00:00;105;690,2;285;1873,4;164
María de Guzmán;2020/04/15 07:00:00;51;235,85;296;1368,85;165
Meco;2020/04/15 07:00:00;24;100,71;177;742,73;166
Media Legua;2020/04/15 07:00:00;79;348,96;245;1082,2;167
Mejorada del Campo;2020/04/15 07:00:00;87;198,04;260;591,85;168
Mendiguchía Carriche;2020/04/15 07:00:00;87;340,36;221;864,6;169
Miguel Servet;2020/04/15 07:00:00;48;289,96;127;767,19;170
Miguel de Cervantes;2020/04/15 07:00:00;40;151,04;327;1234,75;171
Miraflores;2020/04/15 07:00:00;61;256,19;131;550,19;172
Mirasierra;2020/04/15 07:00:00;103;334,32;249;808,21;173
Monforte de Lemos;2020/04/15 07:00:00;59;373,35;143;904,89;174
Monovar;2020/04/15 07:00:00;57;304,31;203;1083,76;175
Montecarmelo;2020/04/15 07:00:00;32;178,39;110;613,22;176
Monterrozas;2020/04/15 07:00:00;130;357,4;259;712,05;177
Montesa;2020/04/15 07:00:00;67;248;269;995,71;178
Moralzarzal;2020/04/15 07:00:00;24;184,3;54;414,68;179
Morata de Tajuña;2020/04/15 07:00:00;14;180,25;83;1068,62;180
María Jesús Hereza;2020/04/15 07:00:00;176;513,03;524;1527,43;181
Méndez Álvaro;2020/04/15 07:00:00;45;505,67;154;1730,53;182
Navalcarnero;2020/04/15 07:00:00;48;119,31;166;412,6;183
Navas del Rey;2020/04/15 07:00:00;;73,8;52;767,53;184
Nuestra Señora del Pilar;2020/04/15 07:00:00;21;106,68;114;579,12;185
Numancia;2020/04/15 07:00:00;96;368,21;323;1238,88;186
Nuñez Morgado;2020/04/15 07:00:00;63;274,85;205;894,34;187
Opañel;2020/04/15 07:00:00;62;276,03;195;868,17;188
Orcasitas;2020/04/15 07:00:00;23;100,52;117;511,36;189
Orcasur;2020/04/15 07:00:00;23;176,14;88;673,92;190
Pacífico;2020/04/15 07:00:00;96;278,8;302;877,07;191
Palma Universidad;2020/04/15 07:00:00;56;220,24;149;585,99;192
Palomares;2020/04/15 07:00:00;78;438,72;255;1434,28;193
Panaderas;2020/04/15 07:00:00;54;141,22;210;549,21;194
Paracuellos del Jarama;2020/04/15 07:00:00;24;104,31;62;269,46;195
Parque Coimbra;2020/04/15 07:00:00;63;467,53;120;890,54;196
Parque Europa;2020/04/15 07:00:00;22;71,5;120;390;197
Parque Loranca;2020/04/15 07:00:00;28;90,16;125;402,51;198
Parque Oeste;2020/04/15 07:00:00;34;239,03;104;731,16;199
Pavones;2020/04/15 07:00:00;39;243,1;158;984,85;200
Perales de Tajuña;2020/04/15 07:00:00;13;147,26;63;713,64;201
Perales del Río;2020/04/15 07:00:00;17;180,58;64;679,84;202
Peña Prieta;2020/04/15 07:00:00;42;211,5;143;720,11;203
Peñagrande;2020/04/15 07:00:00;65;236,84;213;776,1;204
Pilar;2020/04/15 07:00:00;185;427,04;555;1281,13;205
Pinto;2020/04/15 07:00:00;14;62,55;57;254,66;206
Pintores;2020/04/15 07:00:00;13;47,77;119;437,27;207
Pizarro;2020/04/15 07:00:00;61;370,96;168;1021,65;208
Portazgo;2020/04/15 07:00:00;91;424,74;257;1199,53;209
Potosí;2020/04/15 07:00:00;75;253,58;229;774,25;210
Pozo de Tío Raimundo;2020/04/15 07:00:00;21;219,34;78;814,71;211
Pozuelo - Estación;2020/04/15 07:00:00;56;153,98;216;593,91;212
Pozuelo - Somosaguas;2020/04/15 07:00:00;18;85,09;110;520;213
Presentación Sabio;2020/04/15 07:00:00;53;189,76;167;597,92;214
Prosperidad;2020/04/15 07:00:00;150;268,04;547;977,47;215
Puerta Bonita;2020/04/15 07:00:00;30;170,8;139;791,39;216
Puerta de Madrid;2020/04/15 07:00:00;30;217,34;154;1115,7;217
Puerta del Ángel;2020/04/15 07:00:00;51;244,86;165;792,2;218
Quinta de los Molinos;2020/04/15 07:00:00;19;94,22;92;456,24;219
Rafael Alberti;2020/04/15 07:00:00;51;228,81;141;632,6;220
Ramón y Cajal;2020/04/15 07:00:00;82;351,57;227;973,25;221
Rascafría;2020/04/15 07:00:00;;88,81;6;266,43;222
Reina Victoria;2020/04/15 07:00:00;96;287,93;318;953,75;223
Rejas;2020/04/15 07:00:00;19;110,4;75;435,79;224
Reyes Católicos;2020/04/15 07:00:00;50;247,84;99;490,73;225
Reyes Magos;2020/04/15 07:00:00;52;174,98;320;1076,79;226
Rivas - La Paz;2020/04/15 07:00:00;49;150,63;168;516,46;227
Rivas - Santa Mónica;2020/04/15 07:00:00;45;126,31;167;468,76;228
Rivas - 1º de Mayo;2020/04/15 07:00:00;30;166,89;133;739,88;229
Robledo de Chavela;2020/04/15 07:00:00;13;157,86;25;303,58;230
Rosa Luxemburgo;2020/04/15 07:00:00;63;273,37;138;598,8;231
San Andrés;2020/04/15 07:00:00;57;173,37;151;459,29;232
San Blas;2020/04/15 07:00:00;21;59,24;113;318,77;233
San Cristóbal;2020/04/15 07:00:00;40;189,85;118;560,06;234
San Diego;2020/04/15 07:00:00;82;278,29;256;868,8;235
San Fermín;2020/04/15 07:00:00;52;198,76;219;837,09;236
San Fernando;2020/04/15 07:00:00;60;266,95;143;636,23;237
San Isidro;2020/04/15 07:00:00;54;336,62;179;1115,82;238
San Juan de la Cruz;2020/04/15 07:00:00;39;126,72;145;471,13;239
San Lorenzo de El Escorial;2020/04/15 07:00:00;32;157,88;81;399,64;240
San Martín de Valdeiglesias;2020/04/15 07:00:00;20;178,67;67;598,53;241
San Martín de la Vega;2020/04/15 07:00:00;14;68,75;63;309,35;242
Sanchinarro;2020/04/15 07:00:00;71;249,32;212;744,43;243
Santa Eugenia;2020/04/15 07:00:00;67;238,67;308;1097,18;244
Sector Embarcaciones;2020/04/15 07:00:00;74;324,66;166;728,29;245
Sector III;2020/04/15 07:00:00;46;160,71;175;611,4;246
Sector Oficios;2020/04/15 07:00:00;47;186,09;100;395,93;247
Segovia;2020/04/15 07:00:00;42;179,83;145;620,83;248
Segre;2020/04/15 07:00:00;66;171,76;233;606,38;249
Sevilla la Nueva;2020/04/15 07:00:00;31;263,67;54;459,3;250
Sierra de Guadarrama;2020/04/15 07:00:00;25;144,69;59;341,47;251
Silvano;2020/04/15 07:00:00;57;149,8;229;601,82;252
Simancas;2020/04/15 07:00:00;74;430,73;218;1268,92;253
Soto del Real;2020/04/15 07:00:00;44;184,49;121;507,34;254
Sánchez Morate;2020/04/15 07:00:00;37;160,33;87;377;255
Torrelaguna;2020/04/15 07:00:00;12;187,91;26;407,14;256
Torrelodones;2020/04/15 07:00:00;49;145,86;130;386,96;257
Torres de la Alameda;2020/04/15 07:00:00;34;154,91;174;792,78;258
V Centenario;2020/04/15 07:00:00;55;260,37;95;449,73;259
Valdeacederas;2020/04/15 07:00:00;98;374,79;281;1074,65;260
Valdebernardo;2020/04/15 07:00:00;59;306,64;193;1003,07;261
Valdelasfuentes;2020/04/15 07:00:00;42;174,14;108;447,78;262
Valdemorillo;2020/04/15 07:00:00;16;132;30;247,5;263
Valdemoro;2020/04/15 07:00:00;44;117,68;360;962,85;264
Valderribas;2020/04/15 07:00:00;24;132,01;88;484,02;265
Valdezarza;2020/04/15 07:00:00;110;231,25;344;723,18;266
Valle Inclán;2020/04/15 07:00:00;17;164,68;55;532,79;267
Valle de la Oliva;2020/04/15 07:00:00;22;72,85;99;327,85;268
Valleaguado;2020/04/15 07:00:00;70;277,4;210;832,21;269
Vandel;2020/04/15 07:00:00;108;449,68;379;1578,05;270
Vicente Muzas;2020/04/15 07:00:00;45;205,32;126;574,9;271
Vicálvaro - Artilleros;2020/04/15 07:00:00;44;210,86;163;781,14;272
Vicálvaro - Villablanca;2020/04/15 07:00:00;77;566,22;214;1573,65;273
Villa Vallecas;2020/04/15 07:00:00;83;280,93;392;1326,79;274
Villa del Prado;2020/04/15 07:00:00;59;613,75;111;1154,69;275
Villaamil;2020/04/15 07:00:00;86;335,83;274;1069,98;276
Villanueva de la Cañada;2020/04/15 07:00:00;41;108,93;148;393,21;277
Villanueva del Pardillo;2020/04/15 07:00:00;16;94,74;66;390,79;278
Villarejo de Salvanés;2020/04/15 07:00:00;20;140,61;69;485,1;279
Villaviciosa de Odón;2020/04/15 07:00:00;32;115,36;149;537,13;280
Vinateros - Torito;2020/04/15 07:00:00;106;305,68;335;966,06;281
Virgen de Begoña;2020/04/15 07:00:00;63;611,47;180;1747,06;282
Virgen del Cortijo;2020/04/15 07:00:00;20;140,06;68;476,19;283
Virgen del Val;2020/04/15 07:00:00;27;222,11;140;1151,69;284
Vista Alegre;2020/04/15 07:00:00;56;118,2;193;407,37;285
Zofío;2020/04/15 07:00:00;54;186,36;223;769,6;286
Abrantes;2020/04/14 07:00:00;73;247,39;214;725,23;001
Acacias;2020/04/14 07:00:00;32;164,52;143;735,18;002
Adelfas;2020/04/14 07:00:00;59;212,98;205;740,02;003
Alameda;2020/04/14 07:00:00;49;227,45;148;687;004
Alameda de Osuna;2020/04/14 07:00:00;75;244,06;231;751,71;005
Alcalde Bartolomé González;2020/04/14 07:00:00;77;334,32;183;794,55;006
Alcalá de Guadaira;2020/04/14 07:00:00;36;275,61;128;979,94;007
Alcobendas - Chopera;2020/04/14 07:00:00;38;120,14;91;287,69;008
Alcocer;2020/04/14 07:00:00;44;335,57;159;1212,63;009
Algete;2020/04/14 07:00:00;60;202,28;118;397,82;010
Alicante;2020/04/14 07:00:00;46;163,45;185;657,33;011
Almendrales;2020/04/14 07:00:00;53;193,37;175;638,5;012
Alpedrete;2020/04/14 07:00:00;20;138,57;73;505,79;013
Alpes;2020/04/14 07:00:00;119;306,39;330;849,66;014
Andrés Mellado;2020/04/14 07:00:00;62;255,41;174;716,79;015
Ángela Uriarte;2020/04/14 07:00:00;68;246,9;211;766,13;016
Antonio Leyva;2020/04/14 07:00:00;27;223,23;90;744,11;017
Aquitania;2020/04/14 07:00:00;47;199,53;171;725,96;018
Aranjuez;2020/04/14 07:00:00;94;212,86;274;620,46;019
Aravaca;2020/04/14 07:00:00;71;179,46;220;556,06;020
Arganda del Rey;2020/04/14 07:00:00;78;322,74;146;604,1;021
Arganda - Felicidad;2020/04/14 07:00:00;36;106,58;129;381,93;022
Argüelles;2020/04/14 07:00:00;30;113,28;99;373,81;023
Arroyomolinos;2020/04/14 07:00:00;53;203,15;130;498,29;024
Barajas;2020/04/14 07:00:00;33;150,33;101;460,12;025
Barcelona;2020/04/14 07:00:00;49;201,71;169;695,7;026
Barrio del Puerto;2020/04/14 07:00:00;21;149,53;64;455,71;027
Baviera;2020/04/14 07:00:00;42;286,2;171;1165,25;028
Benita de Ávila;2020/04/14 07:00:00;54;258,6;195;933,82;029
Boadilla del Monte;2020/04/14 07:00:00;69;130,59;204;386,09;030
Brújula;2020/04/14 07:00:00;24;112,73;138;648,19;031
Buenavista;2020/04/14 07:00:00;38;161,34;156;662,34;032
Buitrago de Lozoya;2020/04/14 07:00:00;10;208,33;30;625;033
Bustarviejo;2020/04/14 07:00:00;104;490,91;244;1151,76;034
Butarque;2020/04/14 07:00:00;33;180,63;119;651,38;035
Cadalso de los Vidrios;2020/04/14 07:00:00;8;148,26;24;444,77;036
Campamento;2020/04/14 07:00:00;36;234,97;124;809,35;037
Campo Real;2020/04/14 07:00:00;32;183,26;73;418,05;038
Campo de la Paloma;2020/04/14 07:00:00;57;295,61;172;892,02;039
Canal de Panamá;2020/04/14 07:00:00;59;197,03;195;651,22;040
Canillejas;2020/04/14 07:00:00;71;181,56;225;575,36;041
Carabanchel Alto;2020/04/14 07:00:00;26;120,34;130;601,68;042
Caramuel;2020/04/14 07:00:00;57;233,69;166;680,58;043
Carmen Calzado;2020/04/14 07:00:00;34;204,59;182;1095,13;044
Casa de Campo;2020/04/14 07:00:00;62;467,29;246;1854,09;045
Castelló;2020/04/14 07:00:00;15;66,78;67;298,29;046
Castilla la Nueva;2020/04/14 07:00:00;54;224,02;168;696,95;047
Cea Bermúdez;2020/04/14 07:00:00;46;183,94;159;635,8;048
Cercedilla;2020/04/14 07:00:00;54;378,1;124;868,23;049
Chopera;2020/04/14 07:00:00;71;192,42;245;663,97;050
Ciempozuelos;2020/04/14 07:00:00;20;75,02;147;551,39;051
Ciudad San Pablo;2020/04/14 07:00:00;25;197,52;83;655,76;052
Ciudad de los Periodistas;2020/04/14 07:00:00;121;439,82;370;1344,92;053
Collado Mediano;2020/04/14 07:00:00;20;162,01;35;283,52;054
Collado Villalba Estación;2020/04/14 07:00:00;47;147,13;122;381,92;055
Collado Villalba Pueblo;2020/04/14 07:00:00;43;214,43;101;503,67;056
Colmenar Viejo Norte;2020/04/14 07:00:00;70;292,12;132;550,85;057
Colmenar Viejo Sur;2020/04/14 07:00:00;74;279,88;131;495,46;058
Colmenar de Oreja;2020/04/14 07:00:00;18;102,17;53;300,83;059
Comillas;2020/04/14 07:00:00;42;184,4;157;689,29;060
Cortes;2020/04/14 07:00:00;56;187,59;184;616,35;061
Coslada - Jaime Vera;2020/04/14 07:00:00;41;306,24;112;836,57;062
Cuzco;2020/04/14 07:00:00;65;266,79;184;755,21;063
Daganzo de Arriba;2020/04/14 07:00:00;17;98,72;59;342,62;064
Daroca;2020/04/14 07:00:00;88;210,19;241;575,63;065
Dehesa Vieja;2020/04/14 07:00:00;39;142,35;92;335,8;066
Dos de Mayo;2020/04/14 07:00:00;98;267,2;240;654,38;067
Doctor Cirajas;2020/04/14 07:00:00;94;245,8;283;740;068
Doctor Laín Entralgo;2020/04/14 07:00:00;88;348,47;219;867,22;069
Doctor Luengo Rodríguez;2020/04/14 07:00:00;62;187,1;158;476,79;070
Doctor Tamames;2020/04/14 07:00:00;65;281,63;182;788,56;071
Doctor Trueta;2020/04/14 07:00:00;39;304,81;84;656,51;072
El Bercial;2020/04/14 07:00:00;21;145,59;50;346,64;073
El Escorial;2020/04/14 07:00:00;18;108,28;49;294,77;074
El Espinillo;2020/04/14 07:00:00;28;152,19;141;766,39;075
El Greco;2020/04/14 07:00:00;21;95,62;61;277,74;076
El Juncal;2020/04/14 07:00:00;46;162,91;206;729,54;077
El Molar;2020/04/14 07:00:00;53;162,11;98;299,75;078
El Naranjo;2020/04/14 07:00:00;29;140,98;114;554,18;079
El Pardo;2020/04/14 07:00:00;9;312,17;49;1699,62;080
El Restón;2020/04/14 07:00:00;29;74,34;207;530,65;081
El Soto;2020/04/14 07:00:00;75;386,18;168;865,04;082
Eloy Gonzalo;2020/04/14 07:00:00;64;181,48;213;603,98;083
Embajadores;2020/04/14 07:00:00;65;210,51;216;699,53;084
Ensanche Vallecas;2020/04/14 07:00:00;81;165,27;325;663,1;085
Entrevías;2020/04/14 07:00:00;70;246,4;223;784,96;086
Espronceda;2020/04/14 07:00:00;105;258,06;327;803,66;087
Estrecho de Corea;2020/04/14 07:00:00;89;279,34;278;872,54;088
Estrella;2020/04/14 07:00:00;41;281,94;139;955,85;089
Europa;2020/04/14 07:00:00;101;501,41;238;1181,55;090
Federica Montseny;2020/04/14 07:00:00;88;397,22;346;1561,79;091
Felipe II;2020/04/14 07:00:00;53;250,02;160;754,79;092
Francia;2020/04/14 07:00:00;47;125,2;198;527,45;093
Fuencarral;2020/04/14 07:00:00;61;227,52;133;496,07;094
Fuente el Saz;2020/04/14 07:00:00;30;159,74;61;324,81;095
Fuentelarreina;2020/04/14 07:00:00;72;330,93;194;891,67;096
Galapagar;2020/04/14 07:00:00;61;147,85;162;392,64;097
Gandhi;2020/04/14 07:00:00;44;228,06;121;627,17;098
García Noblejas;2020/04/14 07:00:00;37;157,15;134;569,15;099
General Fanjul;2020/04/14 07:00:00;63;271,34;198;852,79;100
General Moscardó;2020/04/14 07:00:00;76;381,64;204;1024,4;101
General Oráa;2020/04/14 07:00:00;42;226,42;142;765,5;102
General Ricardos;2020/04/14 07:00:00;62;223,5;207;746,21;103
Getafe Norte;2020/04/14 07:00:00;25;166,33;67;445,78;104
Goya;2020/04/14 07:00:00;161;264,91;559;919,77;105
Gregorio Marañón;2020/04/14 07:00:00;83;292,69;184;648,85;106
Griñón;2020/04/14 07:00:00;60;160,79;162;434,14;107
Guadarrama;2020/04/14 07:00:00;46;291,18;88;557,03;108
Guayaba;2020/04/14 07:00:00;29;163,01;145;815,06;109
Guzmán el Bueno;2020/04/14 07:00:00;52;223,71;175;752,88;110
Huerta de Los Frailes;2020/04/14 07:00:00;62;435,58;163;1145,15;111
Humanes de Madrid;2020/04/14 07:00:00;32;123,25;107;412,11;112
Ibiza;2020/04/14 07:00:00;95;275,39;291;843,55;113
Imperial;2020/04/14 07:00:00;59;222,86;174;657,25;114
Infanta Mercedes;2020/04/14 07:00:00;46;315,59;138;946,76;115
Isabel II;2020/04/14 07:00:00;138;386,92;253;709,36;116
Jazmín;2020/04/14 07:00:00;38;139,8;138;507,69;117
Juan de Austria;2020/04/14 07:00:00;37;174,18;219;1030,93;118
Juan de la Cierva;2020/04/14 07:00:00;70;222,08;176;558,38;119
Justicia;2020/04/14 07:00:00;34;211,96;93;579,76;120
La Cabrera;2020/04/14 07:00:00;18;265,41;32;471,84;121
La Elipa;2020/04/14 07:00:00;53;388,99;120;880,73;122
La Garena;2020/04/14 07:00:00;;74,19;38;563,88;123
La Marazuela;2020/04/14 07:00:00;23;202,18;61;536,22;124
La Moraleja;2020/04/14 07:00:00;25;101,08;84;339,61;125
La Plata;2020/04/14 07:00:00;23;89,1;143;553,96;126
La Princesa;2020/04/14 07:00:00;43;221,82;132;680,94;127
La Ribota;2020/04/14 07:00:00;29;114,19;91;358,31;128
La Ventilla;2020/04/14 07:00:00;104;458,05;266;1171,55;129
La Veredilla;2020/04/14 07:00:00;18;108,77;100;604,3;130
Las Águilas;2020/04/14 07:00:00;80;292,02;243;887,02;131
Las Américas;2020/04/14 07:00:00;27;70,35;111;289,24;132
Las Calesas;2020/04/14 07:00:00;78;260,28;246;820,88;133
Las Ciudades;2020/04/14 07:00:00;35;180,25;99;509,86;134
Las Fronteras;2020/04/14 07:00:00;39;113,12;198;574,31;135
Las Margaritas;2020/04/14 07:00:00;51;182,6;123;440,39;136
Las Matas;2020/04/14 07:00:00;12;101,97;39;331,41;137
Las Olivas;2020/04/14 07:00:00;28;145,3;89;461,86;138
Las Rozas;2020/04/14 07:00:00;54;148,64;173;476,19;139
Las Tablas;2020/04/14 07:00:00;33;103,95;108;340,2;140
Lavapiés;2020/04/14 07:00:00;36;138,41;125;480,6;141
Leganés Norte;2020/04/14 07:00:00;177;1247,88;265;1868,3;142
Legazpi;2020/04/14 07:00:00;42;163,88;169;659,41;143
Londres;2020/04/14 07:00:00;40;288,54;149;1074,8;144
Los Alperchines;2020/04/14 07:00:00;64;327,35;187;956,47;145
Los Ángeles;2020/04/14 07:00:00;64;180,18;250;703,83;146
Los Castillos;2020/04/14 07:00:00;120;558,5;268;1247,32;147
Los Cármenes;2020/04/14 07:00:00;43;148,6;137;473,46;148
Los Fresnos;2020/04/14 07:00:00;9;75,48;38;318,69;149
Los Pedroches;2020/04/14 07:00:00;98;385,78;324;1275,44;150
Los Rosales;2020/04/14 07:00:00;43;217,19;160;808,16;151
Los Yébenes;2020/04/14 07:00:00;50;135,72;213;578,18;152
Lucero;2020/04/14 07:00:00;94;231,67;318;783,73;153
Luis Vives;2020/04/14 07:00:00;32;112,63;172;605,38;154
Majadahonda;2020/04/14 07:00:00;67;140,25;240;502,39;155
Manuel Merino;2020/04/14 07:00:00;16;127,35;103;819,8;156
Manzanares El Real;2020/04/14 07:00:00;23;153,4;52;346,83;157
Maqueda;2020/04/14 07:00:00;83;284,3;241;825,51;158
Mar Báltico;2020/04/14 07:00:00;174;294,38;544;920,36;159
Marqués de la Valdavia;2020/04/14 07:00:00;31;183,22;57;336,88;160
Martín de Vargas;2020/04/14 07:00:00;30;165,96;102;564,25;161
Martínez de la Riva;2020/04/14 07:00:00;43;258,99;127;764,92;162
María Curie;2020/04/14 07:00:00;34;249,25;83;608,46;163
María Montessori;2020/04/14 07:00:00;121;795,37;281;1847,1;164
María de Guzmán;2020/04/14 07:00:00;54;249,72;291;1345,73;165
Meco;2020/04/14 07:00:00;33;138,48;176;738,53;166
Media Legua;2020/04/14 07:00:00;89;393,13;240;1060,12;167
Mejorada del Campo;2020/04/14 07:00:00;98;223,08;253;575,92;168
Mendiguchía Carriche;2020/04/14 07:00:00;96;375,57;216;845,04;169
Miguel Servet;2020/04/14 07:00:00;54;326,21;125;755,1;170
Miguel de Cervantes;2020/04/14 07:00:00;54;203,9;325;1227,2;171
Miraflores;2020/04/14 07:00:00;65;272,99;129;541,79;172
Mirasierra;2020/04/14 07:00:00;114;370,02;243;788,73;173
Monforte de Lemos;2020/04/14 07:00:00;67;423,97;138;873,25;174
Monovar;2020/04/14 07:00:00;58;309,65;199;1062,41;175
Montecarmelo;2020/04/14 07:00:00;33;183,97;108;602,07;176
Monterrozas;2020/04/14 07:00:00;129;354,65;252;692,8;177
Montesa;2020/04/14 07:00:00;74;273,91;265;980,9;178
Moralzarzal;2020/04/14 07:00:00;23;176,62;52;399,32;179
Morata de Tajuña;2020/04/14 07:00:00;16;206;83;1068,62;180
María Jesús Hereza;2020/04/14 07:00:00;200;582,99;514;1498,28;181
Méndez Álvaro;2020/04/14 07:00:00;49;550,62;146;1640,63;182
Navalcarnero;2020/04/14 07:00:00;45;111,85;161;400,17;183
Navas del Rey;2020/04/14 07:00:00;6;88,56;52;767,53;184
Nuestra Señora del Pilar;2020/04/14 07:00:00;26;132,08;112;568,96;185
Numancia;2020/04/14 07:00:00;106;406,57;319;1223,53;186
Nuñez Morgado;2020/04/14 07:00:00;62;270,48;202;881,25;187
Opañel;2020/04/14 07:00:00;63;280,49;186;828,1;188
Orcasitas;2020/04/14 07:00:00;24;104,9;117;511,36;189
Orcasur;2020/04/14 07:00:00;28;214,43;88;673,92;190
Pacífico;2020/04/14 07:00:00;103;299,13;295;856,74;191
Palma Universidad;2020/04/14 07:00:00;47;184,84;138;542,73;192
Palomares;2020/04/14 07:00:00;87;489,34;250;1406,15;193
Panaderas;2020/04/14 07:00:00;54;141,22;205;536,13;194
Paracuellos del Jarama;2020/04/14 07:00:00;24;104,31;61;265,11;195
Parque Coimbra;2020/04/14 07:00:00;62;460,11;112;831,17;196
Parque Europa;2020/04/14 07:00:00;25;81,25;118;383,5;197
Parque Loranca;2020/04/14 07:00:00;28;90,16;123;396,07;198
Parque Oeste;2020/04/14 07:00:00;38;267,15;99;696,01;199
Pavones;2020/04/14 07:00:00;44;274,26;156;972,39;200
Perales de Tajuña;2020/04/14 07:00:00;15;169,91;63;713,64;201
Perales del Río;2020/04/14 07:00:00;20;212,45;62;658,59;202
Peña Prieta;2020/04/14 07:00:00;46;231,64;139;699,97;203
Peñagrande;2020/04/14 07:00:00;74;269,63;210;765,17;204
Pilar;2020/04/14 07:00:00;194;447,82;546;1260,36;205
Pinto;2020/04/14 07:00:00;14;62,55;56;250,19;206
Pintores;2020/04/14 07:00:00;12;44,09;117;429,93;207
Pizarro;2020/04/14 07:00:00;68;413,52;164;997,32;208
Portazgo;2020/04/14 07:00:00;94;438,74;253;1180,86;209
Potosí;2020/04/14 07:00:00;71;240,05;219;740,44;210
Pozo de Tío Raimundo;2020/04/14 07:00:00;22;229,79;76;793,82;211
Pozuelo - Estación;2020/04/14 07:00:00;48;131,98;203;558,17;212
Pozuelo - Somosaguas;2020/04/14 07:00:00;17;80,36;104;491,63;213
Presentación Sabio;2020/04/14 07:00:00;56;200,5;165;590,76;214
Prosperidad;2020/04/14 07:00:00;152;271,62;529;945,3;215
Puerta Bonita;2020/04/14 07:00:00;35;199,27;134;762,92;216
Puerta de Madrid;2020/04/14 07:00:00;32;231,83;153;1108,45;217
Puerta del Ángel;2020/04/14 07:00:00;51;244,86;164;787,4;218
Quinta de los Molinos;2020/04/14 07:00:00;22;109,1;89;441,36;219
Rafael Alberti;2020/04/14 07:00:00;49;219,84;137;614,65;220
Ramón y Cajal;2020/04/14 07:00:00;102;437,32;223;956,1;221
Rascafría;2020/04/14 07:00:00;;133,21;6;266,43;222
Reina Victoria;2020/04/14 07:00:00;99;296,92;310;929,76;223
Rejas;2020/04/14 07:00:00;20;116,21;72;418,36;224
Reyes Católicos;2020/04/14 07:00:00;47;232,97;94;465,95;225
Reyes Magos;2020/04/14 07:00:00;59;198,53;314;1056,6;226
Rivas - La Paz;2020/04/14 07:00:00;58;178,3;163;501,09;227
Rivas - Santa Mónica;2020/04/14 07:00:00;48;134,73;163;457,53;228
Rivas - 1º de Mayo;2020/04/14 07:00:00;35;194,7;132;734,31;229
Robledo de Chavela;2020/04/14 07:00:00;11;133,58;23;279,3;230
Rosa Luxemburgo;2020/04/14 07:00:00;63;273,37;134;581,45;231
San Andrés;2020/04/14 07:00:00;53;161,21;143;434,95;232
San Blas;2020/04/14 07:00:00;24;67,7;113;318,77;233
San Cristóbal;2020/04/14 07:00:00;40;189,85;115;545,83;234
San Diego;2020/04/14 07:00:00;73;247,74;242;821,29;235
San Fermín;2020/04/14 07:00:00;56;214,05;216;825,62;236
San Fernando;2020/04/14 07:00:00;49;218,01;128;569,5;237
San Isidro;2020/04/14 07:00:00;54;336,62;174;1084,65;238
San Juan de la Cruz;2020/04/14 07:00:00;33;107,22;137;445,14;239
San Lorenzo de El Escorial;2020/04/14 07:00:00;27;133,21;71;350,31;240
San Martín de Valdeiglesias;2020/04/14 07:00:00;20;178,67;66;589,6;241
San Martín de la Vega;2020/04/14 07:00:00;16;78,57;63;309,35;242
Sanchinarro;2020/04/14 07:00:00;74;259,85;206;723,37;243
Santa Eugenia;2020/04/14 07:00:00;67;238,67;295;1050,87;244
Sector Embarcaciones;2020/04/14 07:00:00;75;329,05;162;710,74;245
Sector III;2020/04/14 07:00:00;48;167,7;171;597,42;246
Sector Oficios;2020/04/14 07:00:00;52;205,88;100;395,93;247
Segovia;2020/04/14 07:00:00;48;205,51;142;607,98;248
Segre;2020/04/14 07:00:00;67;174,37;224;582,95;249
Sevilla la Nueva;2020/04/14 07:00:00;32;272,18;54;459,3;250
Sierra de Guadarrama;2020/04/14 07:00:00;20;115,75;53;306,75;251
Silvano;2020/04/14 07:00:00;63;165,57;224;588,68;252
Simancas;2020/04/14 07:00:00;80;465,66;213;1239,81;253
Soto del Real;2020/04/14 07:00:00;44;184,49;115;482,18;254
Sánchez Morate;2020/04/14 07:00:00;38;164,67;84;364;255
Torrelaguna;2020/04/14 07:00:00;12;187,91;26;407,14;256
Torrelodones;2020/04/14 07:00:00;48;142,88;124;369,1;257
Torres de la Alameda;2020/04/14 07:00:00;31;141,24;169;770;258
V Centenario;2020/04/14 07:00:00;52;246,17;90;426,06;259
Valdeacederas;2020/04/14 07:00:00;97;370,97;272;1040,23;260
Valdebernardo;2020/04/14 07:00:00;60;311,83;190;987,47;261
Valdelasfuentes;2020/04/14 07:00:00;45;186,57;108;447,78;262
Valdemorillo;2020/04/14 07:00:00;13;107,25;27;222,75;263
Valdemoro;2020/04/14 07:00:00;50;133,73;357;954,83;264
Valderribas;2020/04/14 07:00:00;29;159,51;87;478,52;265
Valdezarza;2020/04/14 07:00:00;106;222,84;328;689,54;266
Valle Inclán;2020/04/14 07:00:00;14;135,62;50;484,36;267
Valle de la Oliva;2020/04/14 07:00:00;22;72,85;94;311,29;268
Valleaguado;2020/04/14 07:00:00;70;277,4;202;800,51;269
Vandel;2020/04/14 07:00:00;117;487,15;373;1553,07;270
Vicente Muzas;2020/04/14 07:00:00;44;200,76;121;552,08;271
Vicálvaro - Artilleros;2020/04/14 07:00:00;53;253,99;161;771,55;272
Vicálvaro - Villablanca;2020/04/14 07:00:00;74;544,16;208;1529,52;273
Villa Vallecas;2020/04/14 07:00:00;85;287,7;384;1299,71;274
Villa del Prado;2020/04/14 07:00:00;33;343,29;85;884,22;275
Villaamil;2020/04/14 07:00:00;91;355,36;268;1046,55;276
Villanueva de la Cañada;2020/04/14 07:00:00;41;108,93;140;371,95;277
Villanueva del Pardillo;2020/04/14 07:00:00;14;82,89;63;373,02;278
Villarejo de Salvanés;2020/04/14 07:00:00;21;147,64;67;471,03;279
Villaviciosa de Odón;2020/04/14 07:00:00;34;122,57;146;526,32;280
Vinateros - Torito;2020/04/14 07:00:00;118;340,28;325;937,22;281
Virgen de Begoña;2020/04/14 07:00:00;74;718,24;176;1708,24;282
Virgen del Cortijo;2020/04/14 07:00:00;22;154,06;68;476,19;283
Virgen del Val;2020/04/14 07:00:00;29;238,57;140;1151,69;284
Vista Alegre;2020/04/14 07:00:00;52;109,76;181;382,04;285
Zofío;2020/04/14 07:00:00;63;217,42;222;766,15;286
Abrantes;2020/04/13 07:00:00;72;244;208;704,89;001
Acacias;2020/04/13 07:00:00;39;200,5;138;709,48;002
Adelfas;2020/04/13 07:00:00;62;223,81;202;729,19;003
Alameda;2020/04/13 07:00:00;57;264,59;146;677,71;004
Alameda de Osuna;2020/04/13 07:00:00;78;253,82;226;735,44;005
Alcalde Bartolomé González;2020/04/13 07:00:00;75;325,63;173;751,13;006
Alcalá de Guadaira;2020/04/13 07:00:00;34;260,3;121;926,35;007
Alcobendas - Chopera;2020/04/13 07:00:00;36;113,81;84;265,56;008
Alcocer;2020/04/13 07:00:00;43;327,94;157;1197,38;009
Algete;2020/04/13 07:00:00;51;171,94;108;364,1;010
Alicante;2020/04/13 07:00:00;55;195,42;181;643,12;011
Almendrales;2020/04/13 07:00:00;63;229,86;174;634,85;012
Alpedrete;2020/04/13 07:00:00;27;187,07;72;498,86;013
Alpes;2020/04/13 07:00:00;122;314,12;318;818,76;014
Andrés Mellado;2020/04/13 07:00:00;68;280,12;167;687,95;015
Ángela Uriarte;2020/04/13 07:00:00;76;275,95;209;758,87;016
Antonio Leyva;2020/04/13 07:00:00;32;264,57;90;744,11;017
Aquitania;2020/04/13 07:00:00;51;216,51;167;708,98;018
Aranjuez;2020/04/13 07:00:00;100;226,44;270;611,4;019
Aravaca;2020/04/13 07:00:00;70;176,93;207;523,2;020
Arganda del Rey;2020/04/13 07:00:00;82;339,29;146;604,1;021
Arganda - Felicidad;2020/04/13 07:00:00;39;115,47;126;373,05;022
Argüelles;2020/04/13 07:00:00;37;139,71;98;370,03;023
Arroyomolinos;2020/04/13 07:00:00;57;218,48;126;482,96;024
Barajas;2020/04/13 07:00:00;35;159,45;100;455,56;025
Barcelona;2020/04/13 07:00:00;54;222,3;162;666,89;026
Barrio del Puerto;2020/04/13 07:00:00;22;156,65;64;455,71;027
Baviera;2020/04/13 07:00:00;53;361,16;167;1137,99;028
Benita de Ávila;2020/04/13 07:00:00;61;292,12;194;929,03;029
Boadilla del Monte;2020/04/13 07:00:00;72;136,27;196;370,95;030
Brújula;2020/04/13 07:00:00;25;117,43;133;624,71;031
Buenavista;2020/04/13 07:00:00;41;174,08;154;653,84;032
Buitrago de Lozoya;2020/04/13 07:00:00;12;250;30;625;033
Bustarviejo;2020/04/13 07:00:00;107;505,07;233;1099,83;034
Butarque;2020/04/13 07:00:00;37;202,53;117;640,43;035
Cadalso de los Vidrios;2020/04/13 07:00:00;7;129,73;23;426,24;036
Campamento;2020/04/13 07:00:00;45;293,71;119;776,71;037
Campo Real;2020/04/13 07:00:00;32;183,26;71;406,6;038
Campo de la Paloma;2020/04/13 07:00:00;59;305,98;168;871,28;039
Canal de Panamá;2020/04/13 07:00:00;62;207,05;190;634,52;040
Canillejas;2020/04/13 07:00:00;72;184,11;220;562,57;041
Carabanchel Alto;2020/04/13 07:00:00;36;166,62;128;592,43;042
Caramuel;2020/04/13 07:00:00;67;274,69;167;684,68;043
Carmen Calzado;2020/04/13 07:00:00;41;246,71;180;1083,1;044
Casa de Campo;2020/04/13 07:00:00;69;520,05;242;1823,94;045
Castelló;2020/04/13 07:00:00;21;93,5;65;289,39;046
Castilla la Nueva;2020/04/13 07:00:00;66;273,8;166;688,65;047
Cea Bermúdez;2020/04/13 07:00:00;61;243,92;158;631,8;048
Cercedilla;2020/04/13 07:00:00;50;350,09;116;812,21;049
Chopera;2020/04/13 07:00:00;77;208,68;236;639,58;050
Ciempozuelos;2020/04/13 07:00:00;30;112,53;144;540,14;051
Ciudad San Pablo;2020/04/13 07:00:00;26;205,42;79;624,16;052
Ciudad de los Periodistas;2020/04/13 07:00:00;146;530,7;364;1323,11;053
Collado Mediano;2020/04/13 07:00:00;17;137,71;32;259,21;054
Collado Villalba Estación;2020/04/13 07:00:00;54;169,05;112;350,61;055
Collado Villalba Pueblo;2020/04/13 07:00:00;45;224,41;97;483,72;056
Colmenar Viejo Norte;2020/04/13 07:00:00;67;279,6;123;513,29;057
Colmenar Viejo Sur;2020/04/13 07:00:00;78;295,01;127;480,33;058
Colmenar de Oreja;2020/04/13 07:00:00;21;119,2;53;300,83;059
Comillas;2020/04/13 07:00:00;48;210,74;154;676,12;060
Cortes;2020/04/13 07:00:00;66;221,08;183;613;061
Coslada - Jaime Vera;2020/04/13 07:00:00;44;328,65;107;799,22;062
Cuzco;2020/04/13 07:00:00;73;299,62;179;734,69;063
Daganzo de Arriba;2020/04/13 07:00:00;20;116,14;60;348,43;064
Daroca;2020/04/13 07:00:00;96;229,3;229;546,97;065
Dehesa Vieja;2020/04/13 07:00:00;42;153,3;92;335,8;066
Dos de Mayo;2020/04/13 07:00:00;106;289,02;233;635,29;067
Doctor Cirajas;2020/04/13 07:00:00;108;282,4;277;724,32;068
Doctor Laín Entralgo;2020/04/13 07:00:00;110;435,59;215;851,38;069
Doctor Luengo Rodríguez;2020/04/13 07:00:00;65;196,15;151;455,67;070
Doctor Tamames;2020/04/13 07:00:00;70;303,29;175;758,23;071
Doctor Trueta;2020/04/13 07:00:00;45;351,7;82;640,88;072
El Bercial;2020/04/13 07:00:00;21;145,59;48;332,78;073
El Escorial;2020/04/13 07:00:00;16;96,25;47;282,74;074
El Espinillo;2020/04/13 07:00:00;29;157,63;138;750,08;075
El Greco;2020/04/13 07:00:00;24;109,27;59;268,63;076
El Juncal;2020/04/13 07:00:00;54;191,24;203;718,91;077
El Molar;2020/04/13 07:00:00;54;165,17;98;299,75;078
El Naranjo;2020/04/13 07:00:00;41;199,31;111;539,59;079
El Pardo;2020/04/13 07:00:00;17;589,66;48;1664,93;080
El Restón;2020/04/13 07:00:00;37;94,85;204;522,96;081
El Soto;2020/04/13 07:00:00;79;406,78;161;829;082
Eloy Gonzalo;2020/04/13 07:00:00;73;207;208;589,8;083
Embajadores;2020/04/13 07:00:00;81;262,32;214;693,05;084
Ensanche Vallecas;2020/04/13 07:00:00;91;185,67;319;650,86;085
Entrevías;2020/04/13 07:00:00;82;288,64;222;781,44;086
Espronceda;2020/04/13 07:00:00;120;294,92;318;781,54;087
Estrecho de Corea;2020/04/13 07:00:00;98;307,59;273;856,85;088
Estrella;2020/04/13 07:00:00;44;302,57;135;928,35;089
Europa;2020/04/13 07:00:00;117;580,85;235;1166,66;090
Federica Montseny;2020/04/13 07:00:00;92;415,27;340;1534,71;091
Felipe II;2020/04/13 07:00:00;60;283,05;157;740,64;092
Francia;2020/04/13 07:00:00;60;159,83;194;516,8;093
Fuencarral;2020/04/13 07:00:00;68;253,63;131;488,61;094
Fuente el Saz;2020/04/13 07:00:00;31;165,07;60;319,49;095
Fuentelarreina;2020/04/13 07:00:00;84;386,08;188;864,09;096
Galapagar;2020/04/13 07:00:00;57;138,15;152;368,4;097
Gandhi;2020/04/13 07:00:00;46;238,43;117;606,44;098
García Noblejas;2020/04/13 07:00:00;38;161,4;130;552,16;099
General Fanjul;2020/04/13 07:00:00;78;335,95;195;839,87;100
General Moscardó;2020/04/13 07:00:00;92;461,99;202;1014,36;101
General Oráa;2020/04/13 07:00:00;47;253,37;136;733,15;102
General Ricardos;2020/04/13 07:00:00;76;273,97;202;728,19;103
Getafe Norte;2020/04/13 07:00:00;26;172,99;65;432,47;104
Goya;2020/04/13 07:00:00;168;276,42;534;878,64;105
Gregorio Marañón;2020/04/13 07:00:00;91;320,9;179;631,22;106
Griñón;2020/04/13 07:00:00;55;147,39;152;407,34;107
Guadarrama;2020/04/13 07:00:00;43;272,19;83;525,38;108
Guayaba;2020/04/13 07:00:00;35;196,74;145;815,06;109
Guzmán el Bueno;2020/04/13 07:00:00;60;258,13;172;739,98;110
Huerta de Los Frailes;2020/04/13 07:00:00;69;484,75;160;1124,07;111
Humanes de Madrid;2020/04/13 07:00:00;38;146,36;105;404,41;112
Ibiza;2020/04/13 07:00:00;102;295,68;287;831,96;113
Imperial;2020/04/13 07:00:00;66;249,3;166;627,03;114
Infanta Mercedes;2020/04/13 07:00:00;52;356,75;133;912,46;115
Isabel II;2020/04/13 07:00:00;137;384,12;251;703,75;116
Jazmín;2020/04/13 07:00:00;44;161,87;135;496,65;117
Juan de Austria;2020/04/13 07:00:00;41;193;217;1021,51;118
Juan de la Cierva;2020/04/13 07:00:00;72;228,43;169;536,17;119
Justicia;2020/04/13 07:00:00;38;236,89;88;548,59;120
La Cabrera;2020/04/13 07:00:00;19;280,15;31;457,09;121
La Elipa;2020/04/13 07:00:00;57;418,35;114;836,7;122
La Garena;2020/04/13 07:00:00;8;118,71;38;563,88;123
La Marazuela;2020/04/13 07:00:00;21;184,6;57;501,05;124
La Moraleja;2020/04/13 07:00:00;24;97,03;81;327,48;125
La Plata;2020/04/13 07:00:00;32;123,96;143;553,96;126
La Princesa;2020/04/13 07:00:00;50;257,93;131;675,78;127
La Ribota;2020/04/13 07:00:00;42;165,37;90;354,37;128
La Ventilla;2020/04/13 07:00:00;112;493,28;258;1136,31;129
La Veredilla;2020/04/13 07:00:00;22;132,95;97;586,17;130
Las Águilas;2020/04/13 07:00:00;95;346,78;238;868,77;131
Las Américas;2020/04/13 07:00:00;29;75,57;108;281,42;132
Las Calesas;2020/04/13 07:00:00;75;250,27;237;790,84;133
Las Ciudades;2020/04/13 07:00:00;35;180,25;95;489,26;134
Las Fronteras;2020/04/13 07:00:00;42;121,82;194;562,71;135
Las Margaritas;2020/04/13 07:00:00;58;207,66;121;433,23;136
Las Matas;2020/04/13 07:00:00;11;93,47;37;314,41;137
Las Olivas;2020/04/13 07:00:00;30;155,68;89;461,86;138
Las Rozas;2020/04/13 07:00:00;54;148,64;161;443,16;139
Las Tablas;2020/04/13 07:00:00;35;110,25;107;337,05;140
Lavapiés;2020/04/13 07:00:00;40;153,79;120;461,38;141
Leganés Norte;2020/04/13 07:00:00;182;1283,14;264;1861,25;142
Legazpi;2020/04/13 07:00:00;50;195,09;166;647,7;143
Londres;2020/04/13 07:00:00;43;310,18;145;1045,95;144
Los Alperchines;2020/04/13 07:00:00;65;332,46;182;930,9;145
Los Ángeles;2020/04/13 07:00:00;62;174,55;244;686,94;146
Los Castillos;2020/04/13 07:00:00;131;609,7;261;1214,74;147
Los Cármenes;2020/04/13 07:00:00;46;158,97;132;456,18;148
Los Fresnos;2020/04/13 07:00:00;10;83,86;38;318,69;149
Los Pedroches;2020/04/13 07:00:00;108;425,15;322;1267,57;150
Los Rosales;2020/04/13 07:00:00;48;242,45;159;803,11;151
Los Yébenes;2020/04/13 07:00:00;61;165,58;211;572,75;152
Lucero;2020/04/13 07:00:00;110;271,1;309;761,55;153
Luis Vives;2020/04/13 07:00:00;34;119,67;169;594,82;154
Majadahonda;2020/04/13 07:00:00;69;144,44;232;485,64;155
Manuel Merino;2020/04/13 07:00:00;20;159,18;102;811,84;156
Manzanares El Real;2020/04/13 07:00:00;28;186,75;52;346,83;157
Maqueda;2020/04/13 07:00:00;104;356,24;234;801,53;158
Mar Báltico;2020/04/13 07:00:00;174;294,38;530;896,68;159
Marqués de la Valdavia;2020/04/13 07:00:00;30;177,3;55;325,06;160
Martín de Vargas;2020/04/13 07:00:00;37;204,68;99;547,66;161
Martínez de la Riva;2020/04/13 07:00:00;47;283,08;125;752,88;162
María Curie;2020/04/13 07:00:00;35;256,58;79;579,14;163
María Montessori;2020/04/13 07:00:00;132;867,68;279;1833,96;164
María de Guzmán;2020/04/13 07:00:00;74;342,21;291;1345,73;165
Meco;2020/04/13 07:00:00;41;172,04;174;730,14;166
Media Legua;2020/04/13 07:00:00;96;424,05;234;1033,61;167
Mejorada del Campo;2020/04/13 07:00:00;108;245,85;248;564,53;168
Mendiguchía Carriche;2020/04/13 07:00:00;98;383,4;212;829,39;169
Miguel Servet;2020/04/13 07:00:00;58;350,37;123;743,02;170
Miguel de Cervantes;2020/04/13 07:00:00;68;256,77;323;1219,65;171
Miraflores;2020/04/13 07:00:00;64;268,79;125;524,99;172
Mirasierra;2020/04/13 07:00:00;119;386,25;241;782,24;173
Monforte de Lemos;2020/04/13 07:00:00;67;423,97;132;835,28;174
Monovar;2020/04/13 07:00:00;64;341,68;198;1057,07;175
Montecarmelo;2020/04/13 07:00:00;36;200,69;107;596,5;176
Monterrozas;2020/04/13 07:00:00;136;373,89;243;668,06;177
Montesa;2020/04/13 07:00:00;90;333,14;257;951,29;178
Moralzarzal;2020/04/13 07:00:00;26;199,66;52;399,32;179
Morata de Tajuña;2020/04/13 07:00:00;15;193,12;81;1042,87;180
María Jesús Hereza;2020/04/13 07:00:00;223;650,03;505;1472,05;181
Méndez Álvaro;2020/04/13 07:00:00;51;573,1;142;1595,68;182
Navalcarnero;2020/04/13 07:00:00;53;131,73;157;390,23;183
Navas del Rey;2020/04/13 07:00:00;9;132,84;52;767,53;184
Nuestra Señora del Pilar;2020/04/13 07:00:00;29;147,32;110;558,8;185
Numancia;2020/04/13 07:00:00;111;425,74;312;1196,69;186
Nuñez Morgado;2020/04/13 07:00:00;79;344,65;195;850,71;187
Opañel;2020/04/13 07:00:00;72;320,56;181;805,84;188
Orcasitas;2020/04/13 07:00:00;29;126,75;117;511,36;189
Orcasur;2020/04/13 07:00:00;30;229,74;87;666,26;190
Pacífico;2020/04/13 07:00:00;111;322,37;288;836,41;191
Palma Universidad;2020/04/13 07:00:00;48;188,78;133;523,07;192
Palomares;2020/04/13 07:00:00;97;545,59;247;1389,28;193
Panaderas;2020/04/13 07:00:00;70;183,07;205;536,13;194
Paracuellos del Jarama;2020/04/13 07:00:00;26;113;61;265,11;195
Parque Coimbra;2020/04/13 07:00:00;55;408,16;101;749,54;196
Parque Europa;2020/04/13 07:00:00;35;113,75;118;383,5;197
Parque Loranca;2020/04/13 07:00:00;36;115,92;120;386,41;198
Parque Oeste;2020/04/13 07:00:00;41;288,25;94;660,85;199
Pavones;2020/04/13 07:00:00;46;286,73;153;953,69;200
Perales de Tajuña;2020/04/13 07:00:00;17;192,57;62;702,31;201
Perales del Río;2020/04/13 07:00:00;23;244,32;62;658,59;202
Peña Prieta;2020/04/13 07:00:00;46;231,64;136;684,86;203
Peñagrande;2020/04/13 07:00:00;99;360,72;209;761,52;204
Pilar;2020/04/13 07:00:00;203;468,59;525;1211,88;205
Pinto;2020/04/13 07:00:00;17;75,95;56;250,19;206
Pintores;2020/04/13 07:00:00;17;62,47;116;426,25;207
Pizarro;2020/04/13 07:00:00;80;486,5;162;985,16;208
Portazgo;2020/04/13 07:00:00;97;452,74;247;1152,86;209
Potosí;2020/04/13 07:00:00;95;321,2;216;730,3;210
Pozo de Tío Raimundo;2020/04/13 07:00:00;24;250,68;75;783,37;211
Pozuelo - Estación;2020/04/13 07:00:00;50;137,48;194;533,42;212
Pozuelo - Somosaguas;2020/04/13 07:00:00;15;70,91;97;458,54;213
Presentación Sabio;2020/04/13 07:00:00;56;200,5;158;565,7;214
Prosperidad;2020/04/13 07:00:00;179;319,87;517;923,86;215
Puerta Bonita;2020/04/13 07:00:00;40;227,74;131;745,84;216
Puerta de Madrid;2020/04/13 07:00:00;39;282,55;152;1101,21;217
Puerta del Ángel;2020/04/13 07:00:00;65;312,08;162;777,8;218
Quinta de los Molinos;2020/04/13 07:00:00;25;123,98;88;436,4;219
Rafael Alberti;2020/04/13 07:00:00;45;201,89;129;578,76;220
Ramón y Cajal;2020/04/13 07:00:00;114;488,77;214;917,51;221
Rascafría;2020/04/13 07:00:00;;133,21;6;266,43;222
Reina Victoria;2020/04/13 07:00:00;108;323,92;301;902,77;223
Rejas;2020/04/13 07:00:00;20;116,21;71;412,55;224
Reyes Católicos;2020/04/13 07:00:00;49;242,89;93;460,99;225
Reyes Magos;2020/04/13 07:00:00;78;262,47;307;1033,04;226
Rivas - La Paz;2020/04/13 07:00:00;72;221,34;160;491,87;227
Rivas - Santa Mónica;2020/04/13 07:00:00;59;165,61;162;454,72;228
Rivas - 1º de Mayo;2020/04/13 07:00:00;40;222,52;129;717,62;229
Robledo de Chavela;2020/04/13 07:00:00;13;157,86;23;279,3;230
Rosa Luxemburgo;2020/04/13 07:00:00;66;286,38;133;577,11;231
San Andrés;2020/04/13 07:00:00;51;155,12;140;425,83;232
San Blas;2020/04/13 07:00:00;27;76,17;112;315,95;233
San Cristóbal;2020/04/13 07:00:00;43;204,09;116;550,57;234
San Diego;2020/04/13 07:00:00;81;274,89;237;804,32;235
San Fermín;2020/04/13 07:00:00;62;236,98;214;817,98;236
San Fernando;2020/04/13 07:00:00;53;235,81;124;551,7;237
San Isidro;2020/04/13 07:00:00;57;355,32;171;1065,95;238
San Juan de la Cruz;2020/04/13 07:00:00;35;113,72;131;425,64;239
San Lorenzo de El Escorial;2020/04/13 07:00:00;26;128,28;67;330,57;240
San Martín de Valdeiglesias;2020/04/13 07:00:00;21;187,6;66;589,6;241
San Martín de la Vega;2020/04/13 07:00:00;18;88,39;61;299,53;242
Sanchinarro;2020/04/13 07:00:00;69;242,29;195;684,74;243
Santa Eugenia;2020/04/13 07:00:00;79;281,42;290;1033,06;244
Sector Embarcaciones;2020/04/13 07:00:00;83;364,15;159;697,58;245
Sector III;2020/04/13 07:00:00;59;206,13;168;586,94;246
Sector Oficios;2020/04/13 07:00:00;55;217,76;95;376,13;247
Segovia;2020/04/13 07:00:00;56;239,77;140;599,42;248
Segre;2020/04/13 07:00:00;77;200,39;215;559,53;249
Sevilla la Nueva;2020/04/13 07:00:00;25;212,64;45;382,75;250
Sierra de Guadarrama;2020/04/13 07:00:00;23;133,12;53;306,75;251
Silvano;2020/04/13 07:00:00;67;176,08;216;567,66;252
Simancas;2020/04/13 07:00:00;87;506,4;212;1233,99;253
Soto del Real;2020/04/13 07:00:00;47;197,06;113;473,79;254
Sánchez Morate;2020/04/13 07:00:00;39;169;84;364;255
Torrelaguna;2020/04/13 07:00:00;13;203,57;26;407,14;256
Torrelodones;2020/04/13 07:00:00;49;145,86;121;360,17;257
Torres de la Alameda;2020/04/13 07:00:00;34;154,91;166;756,33;258
V Centenario;2020/04/13 07:00:00;51;241,43;87;411,85;259
Valdeacederas;2020/04/13 07:00:00;109;416,86;267;1021,11;260
Valdebernardo;2020/04/13 07:00:00;66;343,02;187;971,88;261
Valdelasfuentes;2020/04/13 07:00:00;52;215,6;107;443,63;262
Valdemorillo;2020/04/13 07:00:00;15;123,75;26;214,5;263
Valdemoro;2020/04/13 07:00:00;54;144,43;354;946,8;264
Valderribas;2020/04/13 07:00:00;31;170,51;86;473,02;265
Valdezarza;2020/04/13 07:00:00;108;227,04;316;664,31;266
Valle Inclán;2020/04/13 07:00:00;16;154,99;48;464,98;267
Valle de la Oliva;2020/04/13 07:00:00;25;82,79;90;298,04;268
Valleaguado;2020/04/13 07:00:00;76;301,18;192;760,88;269
Vandel;2020/04/13 07:00:00;126;524,63;368;1532,25;270
Vicente Muzas;2020/04/13 07:00:00;46;209,88;117;533,83;271
Vicálvaro - Artilleros;2020/04/13 07:00:00;60;287,54;161;771,55;272
Vicálvaro - Villablanca;2020/04/13 07:00:00;77;566,22;204;1500,11;273
Villa Vallecas;2020/04/13 07:00:00;84;284,31;372;1259,1;274
Villa del Prado;2020/04/13 07:00:00;33;343,29;83;863,41;275
Villaamil;2020/04/13 07:00:00;108;421,74;265;1034,83;276
Villanueva de la Cañada;2020/04/13 07:00:00;33;87,68;129;342,73;277
Villanueva del Pardillo;2020/04/13 07:00:00;12;71,05;60;355,26;278
Villarejo de Salvanés;2020/04/13 07:00:00;22;154,67;65;456,97;279
Villaviciosa de Odón;2020/04/13 07:00:00;40;144,2;146;526,32;280
Vinateros - Torito;2020/04/13 07:00:00;127;366,24;321;925,69;281
Virgen de Begoña;2020/04/13 07:00:00;92;892,94;174;1688,83;282
Virgen del Cortijo;2020/04/13 07:00:00;23;161,06;67;469,19;283
Virgen del Val;2020/04/13 07:00:00;31;255,02;137;1127,02;284
Vista Alegre;2020/04/13 07:00:00;61;128,75;177;373,6;285
Zofío;2020/04/13 07:00:00;61;210,52;213;735,09;286
Abrantes;2020/04/12 07:00:00;68;230,45;202;684,56;001
Acacias;2020/04/12 07:00:00;39;200,5;136;699,19;002
Adelfas;2020/04/12 07:00:00;66;238,25;199;718,36;003
Alameda;2020/04/12 07:00:00;59;273,87;144;668,43;004
Alameda de Osuna;2020/04/12 07:00:00;87;283,11;226;735,44;005
Alcalde Bartolomé González;2020/04/12 07:00:00;74;321,29;171;742,45;006
Alcalá de Guadaira;2020/04/12 07:00:00;35;267,95;119;911,04;007
Alcobendas - Chopera;2020/04/12 07:00:00;32;101,17;80;252,92;008
Alcocer;2020/04/12 07:00:00;44;335,57;157;1197,38;009
Algete;2020/04/12 07:00:00;56;188,79;107;360,73;010
Alicante;2020/04/12 07:00:00;53;188,32;179;636,01;011
Almendrales;2020/04/12 07:00:00;64;233,51;174;634,85;012
Alpedrete;2020/04/12 07:00:00;27;187,07;72;498,86;013
Alpes;2020/04/12 07:00:00;130;334,72;315;811,04;014
Andrés Mellado;2020/04/12 07:00:00;70;288,36;165;679,71;015
Ángela Uriarte;2020/04/12 07:00:00;88;319,52;208;755,24;016
Antonio Leyva;2020/04/12 07:00:00;34;281,11;89;735,84;017
Aquitania;2020/04/12 07:00:00;58;246,23;164;696,24;018
Aranjuez;2020/04/12 07:00:00;103;233,24;265;600,08;019
Aravaca;2020/04/12 07:00:00;74;187,04;206;520,68;020
Arganda del Rey;2020/04/12 07:00:00;82;339,29;145;599,97;021
Arganda - Felicidad;2020/04/12 07:00:00;38;112,51;124;367,12;022
Argüelles;2020/04/12 07:00:00;39;147,26;98;370,03;023
Arroyomolinos;2020/04/12 07:00:00;58;222,32;126;482,96;024
Barajas;2020/04/12 07:00:00;38;173,11;99;451;025
Barcelona;2020/04/12 07:00:00;54;222,3;160;658,65;026
Barrio del Puerto;2020/04/12 07:00:00;22;156,65;64;455,71;027
Baviera;2020/04/12 07:00:00;52;354,34;166;1131,18;028
Benita de Ávila;2020/04/12 07:00:00;66;316,06;192;919,45;029
Boadilla del Monte;2020/04/12 07:00:00;73;138,16;195;369,06;030
Brújula;2020/04/12 07:00:00;25;117,43;133;624,71;031
Buenavista;2020/04/12 07:00:00;43;182,57;154;653,84;032
Buitrago de Lozoya;2020/04/12 07:00:00;12;250;30;625;033
Bustarviejo;2020/04/12 07:00:00;107;505,07;229;1080,95;034
Butarque;2020/04/12 07:00:00;35;191,58;114;624,01;035
Cadalso de los Vidrios;2020/04/12 07:00:00;6;111,19;23;426,24;036
Campamento;2020/04/12 07:00:00;43;280,66;116;757,13;037
Campo Real;2020/04/12 07:00:00;32;183,26;71;406,6;038
Campo de la Paloma;2020/04/12 07:00:00;60;311,17;167;866,09;039
Canal de Panamá;2020/04/12 07:00:00;67;223,75;191;637,86;040
Canillejas;2020/04/12 07:00:00;81;207,13;219;560,02;041
Carabanchel Alto;2020/04/12 07:00:00;35;161,99;126;583,17;042
Caramuel;2020/04/12 07:00:00;67;274,69;166;680,58;043
Carmen Calzado;2020/04/12 07:00:00;41;246,71;180;1083,1;044
Casa de Campo;2020/04/12 07:00:00;70;527,59;242;1823,94;045
Castelló;2020/04/12 07:00:00;22;97,95;65;289,39;046
Castilla la Nueva;2020/04/12 07:00:00;63;261,36;163;676,21;047
Cea Bermúdez;2020/04/12 07:00:00;66;263,92;157;627,8;048
Cercedilla;2020/04/12 07:00:00;50;350,09;116;812,21;049
Chopera;2020/04/12 07:00:00;82;222,23;236;639,58;050
Ciempozuelos;2020/04/12 07:00:00;34;127,53;144;540,14;051
Ciudad San Pablo;2020/04/12 07:00:00;25;197,52;78;616,26;052
Ciudad de los Periodistas;2020/04/12 07:00:00;154;559,78;361;1312,2;053
Collado Mediano;2020/04/12 07:00:00;18;145,81;32;259,21;054
Collado Villalba Estación;2020/04/12 07:00:00;53;165,92;111;347,48;055
Collado Villalba Pueblo;2020/04/12 07:00:00;46;229,39;98;488,7;056
Colmenar Viejo Norte;2020/04/12 07:00:00;65;271,25;118;492,43;057
Colmenar Viejo Sur;2020/04/12 07:00:00;77;291,23;123;465,2;058
Colmenar de Oreja;2020/04/12 07:00:00;23;130,55;52;295,15;059
Comillas;2020/04/12 07:00:00;49;215,13;154;676,12;060
Cortes;2020/04/12 07:00:00;66;221,08;180;602,95;061
Coslada - Jaime Vera;2020/04/12 07:00:00;44;328,65;107;799,22;062
Cuzco;2020/04/12 07:00:00;70;287,31;176;722,38;063
Daganzo de Arriba;2020/04/12 07:00:00;19;110,34;59;342,62;064
Daroca;2020/04/12 07:00:00;96;229,3;228;544,58;065
Dehesa Vieja;2020/04/12 07:00:00;40;146;90;328,5;066
Dos de Mayo;2020/04/12 07:00:00;103;280,84;228;621,66;067
Doctor Cirajas;2020/04/12 07:00:00;112;292,86;273;713,86;068
Doctor Laín Entralgo;2020/04/12 07:00:00;108;427,67;213;843,46;069
Doctor Luengo Rodríguez;2020/04/12 07:00:00;63;190,11;147;443,6;070
Doctor Tamames;2020/04/12 07:00:00;72;311,96;175;758,23;071
Doctor Trueta;2020/04/12 07:00:00;43;336,07;80;625,24;072
El Bercial;2020/04/12 07:00:00;22;152,52;48;332,78;073
El Escorial;2020/04/12 07:00:00;14;84,22;45;270,71;074
El Espinillo;2020/04/12 07:00:00;28;152,19;137;744,65;075
El Greco;2020/04/12 07:00:00;24;109,27;58;264,08;076
El Juncal;2020/04/12 07:00:00;54;191,24;202;715,37;077
El Molar;2020/04/12 07:00:00;51;155,99;94;287,51;078
El Naranjo;2020/04/12 07:00:00;41;199,31;111;539,59;079
El Pardo;2020/04/12 07:00:00;17;589,66;48;1664,93;080
El Restón;2020/04/12 07:00:00;37;94,85;203;520,39;081
El Soto;2020/04/12 07:00:00;78;401,63;160;823,85;082
Eloy Gonzalo;2020/04/12 07:00:00;73;207;205;581,3;083
Embajadores;2020/04/12 07:00:00;86;278,52;214;693,05;084
Ensanche Vallecas;2020/04/12 07:00:00;96;195,87;318;648,82;085
Entrevías;2020/04/12 07:00:00;83;292,16;221;777,92;086
Espronceda;2020/04/12 07:00:00;120;294,92;314;771,71;087
Estrecho de Corea;2020/04/12 07:00:00;101;317;269;844,29;088
Estrella;2020/04/12 07:00:00;44;302,57;135;928,35;089
Europa;2020/04/12 07:00:00;114;565,95;232;1151,76;090
Federica Montseny;2020/04/12 07:00:00;101;455,9;338;1525,68;091
Felipe II;2020/04/12 07:00:00;62;292,48;156;735,92;092
Francia;2020/04/12 07:00:00;59;157,17;192;511,47;093
Fuencarral;2020/04/12 07:00:00;73;272,28;129;481,15;094
Fuente el Saz;2020/04/12 07:00:00;32;170,39;60;319,49;095
Fuentelarreina;2020/04/12 07:00:00;91;418,26;187;859,49;096
Galapagar;2020/04/12 07:00:00;58;140,58;152;368,4;097
Gandhi;2020/04/12 07:00:00;54;279,89;114;590,89;098
García Noblejas;2020/04/12 07:00:00;41;174,14;130;552,16;099
General Fanjul;2020/04/12 07:00:00;76;327,33;192;826,94;100
General Moscardó;2020/04/12 07:00:00;94;472,03;199;999,3;101
General Oráa;2020/04/12 07:00:00;48;258,76;136;733,15;102
General Ricardos;2020/04/12 07:00:00;73;263,16;199;717,38;103
Getafe Norte;2020/04/12 07:00:00;24;159,68;63;419,16;104
Goya;2020/04/12 07:00:00;170;279,72;527;867,12;105
Gregorio Marañón;2020/04/12 07:00:00;90;317,37;177;624,16;106
Griñón;2020/04/12 07:00:00;53;142,03;150;401,98;107
Guadarrama;2020/04/12 07:00:00;43;272,19;82;519,05;108
Guayaba;2020/04/12 07:00:00;36;202,36;144;809,44;109
Guzmán el Bueno;2020/04/12 07:00:00;61;262,43;171;735,67;110
Huerta de Los Frailes;2020/04/12 07:00:00;72;505,83;158;1110,02;111
Humanes de Madrid;2020/04/12 07:00:00;34;130,95;101;389;112
Ibiza;2020/04/12 07:00:00;107;310,17;286;829,06;113
Imperial;2020/04/12 07:00:00;68;256,86;166;627,03;114
Infanta Mercedes;2020/04/12 07:00:00;54;370,47;131;898,74;115
Isabel II;2020/04/12 07:00:00;140;392,53;250;700,95;116
Jazmín;2020/04/12 07:00:00;47;172,91;134;492,97;117
Juan de Austria;2020/04/12 07:00:00;41;193;217;1021,51;118
Juan de la Cierva;2020/04/12 07:00:00;72;228,43;169;536,17;119
Justicia;2020/04/12 07:00:00;39;243,13;87;542,36;120
La Cabrera;2020/04/12 07:00:00;20;294,9;31;457,09;121
La Elipa;2020/04/12 07:00:00;55;403,67;111;814,68;122
La Garena;2020/04/12 07:00:00;8;118,71;38;563,88;123
La Marazuela;2020/04/12 07:00:00;21;184,6;57;501,05;124
La Moraleja;2020/04/12 07:00:00;24;97,03;81;327,48;125
La Plata;2020/04/12 07:00:00;33;127,84;143;553,96;126
La Princesa;2020/04/12 07:00:00;50;257,93;131;675,78;127
La Ribota;2020/04/12 07:00:00;42;165,37;90;354,37;128
La Ventilla;2020/04/12 07:00:00;115;506,5;254;1118,7;129
La Veredilla;2020/04/12 07:00:00;22;132,95;97;586,17;130
Las Águilas;2020/04/12 07:00:00;97;354,08;236;861,47;131
Las Américas;2020/04/12 07:00:00;30;78,17;108;281,42;132
Las Calesas;2020/04/12 07:00:00;74;246,93;234;780,83;133
Las Ciudades;2020/04/12 07:00:00;31;159,65;91;468,66;134
Las Fronteras;2020/04/12 07:00:00;42;121,82;194;562,71;135
Las Margaritas;2020/04/12 07:00:00;59;211,24;121;433,23;136
Las Matas;2020/04/12 07:00:00;11;93,47;37;314,41;137
Las Olivas;2020/04/12 07:00:00;32;166,06;89;461,86;138
Las Rozas;2020/04/12 07:00:00;55;151,39;160;440,41;139
Las Tablas;2020/04/12 07:00:00;37;116,55;107;337,05;140
Lavapiés;2020/04/12 07:00:00;40;153,79;118;453,69;141
Leganés Norte;2020/04/12 07:00:00;182;1283,14;263;1854,2;142
Legazpi;2020/04/12 07:00:00;52;202,9;165;643,8;143
Londres;2020/04/12 07:00:00;44;317,39;145;1045,95;144
Los Alperchines;2020/04/12 07:00:00;68;347,81;182;930,9;145
Los Ángeles;2020/04/12 07:00:00;66;185,81;244;686,94;146
Los Castillos;2020/04/12 07:00:00;127;591,08;257;1196,13;147
Los Cármenes;2020/04/12 07:00:00;45;155,52;131;452,72;148
Los Fresnos;2020/04/12 07:00:00;10;83,86;38;318,69;149
Los Pedroches;2020/04/12 07:00:00;108;425,15;320;1259,69;150
Los Rosales;2020/04/12 07:00:00;48;242,45;158;798,06;151
Los Yébenes;2020/04/12 07:00:00;61;165,58;208;564,6;152
Lucero;2020/04/12 07:00:00;108;266,17;305;751,69;153
Luis Vives;2020/04/12 07:00:00;34;119,67;169;594,82;154
Majadahonda;2020/04/12 07:00:00;68;142,34;231;483,55;155
Manuel Merino;2020/04/12 07:00:00;19;151,23;101;803,88;156
Manzanares El Real;2020/04/12 07:00:00;30;200,09;52;346,83;157
Maqueda;2020/04/12 07:00:00;106;363,09;233;798,11;158
Mar Báltico;2020/04/12 07:00:00;193;326,53;526;889,91;159
Marqués de la Valdavia;2020/04/12 07:00:00;31;183,22;54;319,15;160
Martín de Vargas;2020/04/12 07:00:00;35;193,62;95;525,53;161
Martínez de la Riva;2020/04/12 07:00:00;52;313,2;125;752,88;162
María Curie;2020/04/12 07:00:00;36;263,91;79;579,14;163
María Montessori;2020/04/12 07:00:00;134;880,83;278;1827,38;164
María de Guzmán;2020/04/12 07:00:00;75;346,84;291;1345,73;165
Meco;2020/04/12 07:00:00;41;172,04;174;730,14;166
Media Legua;2020/04/12 07:00:00;102;450,55;233;1029,2;167
Mejorada del Campo;2020/04/12 07:00:00;108;245,85;246;559,98;168
Mendiguchía Carriche;2020/04/12 07:00:00;100;391,22;211;825,48;169
Miguel Servet;2020/04/12 07:00:00;58;350,37;122;736,98;170
Miguel de Cervantes;2020/04/12 07:00:00;67;252,99;321;1212,1;171
Miraflores;2020/04/12 07:00:00;59;247,8;118;495,59;172
Mirasierra;2020/04/12 07:00:00;113;366,78;231;749,78;173
Monforte de Lemos;2020/04/12 07:00:00;67;423,97;131;828,96;174
Monovar;2020/04/12 07:00:00;67;357,7;192;1025,04;175
Montecarmelo;2020/04/12 07:00:00;38;211,84;104;579,77;176
Monterrozas;2020/04/12 07:00:00;142;390,39;243;668,06;177
Montesa;2020/04/12 07:00:00;91;336,84;257;951,29;178
Moralzarzal;2020/04/12 07:00:00;26;199,66;52;399,32;179
Morata de Tajuña;2020/04/12 07:00:00;15;193,12;81;1042,87;180
María Jesús Hereza;2020/04/12 07:00:00;222;647,12;498;1451,64;181
Méndez Álvaro;2020/04/12 07:00:00;55;618,05;141;1584,45;182
Navalcarnero;2020/04/12 07:00:00;55;136,7;157;390,23;183
Navas del Rey;2020/04/12 07:00:00;9;132,84;52;767,53;184
Nuestra Señora del Pilar;2020/04/12 07:00:00;29;147,32;110;558,8;185
Numancia;2020/04/12 07:00:00;120;460,26;309;1185,18;186
Nuñez Morgado;2020/04/12 07:00:00;83;362,1;191;833,26;187
Opañel;2020/04/12 07:00:00;71;316,1;177;788,03;188
Orcasitas;2020/04/12 07:00:00;29;126,75;115;502,62;189
Orcasur;2020/04/12 07:00:00;29;222,09;86;658,6;190
Pacífico;2020/04/12 07:00:00;112;325,27;286;830,6;191
Palma Universidad;2020/04/12 07:00:00;54;212,37;133;523,07;192
Palomares;2020/04/12 07:00:00;101;568,09;245;1378,03;193
Panaderas;2020/04/12 07:00:00;69;180,45;203;530,9;194
Paracuellos del Jarama;2020/04/12 07:00:00;25;108,65;60;260,77;195
Parque Coimbra;2020/04/12 07:00:00;53;393,32;99;734,69;196
Parque Europa;2020/04/12 07:00:00;35;113,75;117;380,25;197
Parque Loranca;2020/04/12 07:00:00;35;112,7;119;383,19;198
Parque Oeste;2020/04/12 07:00:00;41;288,25;94;660,85;199
Pavones;2020/04/12 07:00:00;48;299,2;149;928,75;200
Perales de Tajuña;2020/04/12 07:00:00;17;192,57;62;702,31;201
Perales del Río;2020/04/12 07:00:00;24;254,94;61;647,97;202
Peña Prieta;2020/04/12 07:00:00;47;236,68;133;669,76;203
Peñagrande;2020/04/12 07:00:00;101;368,01;209;761,52;204
Pilar;2020/04/12 07:00:00;211;487,06;523;1207,27;205
Pinto;2020/04/12 07:00:00;17;75,95;57;254,66;206
Pintores;2020/04/12 07:00:00;25;91,86;115;422,58;207
Pizarro;2020/04/12 07:00:00;77;468,26;157;954,76;208
Portazgo;2020/04/12 07:00:00;103;480,75;246;1148,19;209
Potosí;2020/04/12 07:00:00;97;327,96;216;730,3;210
Pozo de Tío Raimundo;2020/04/12 07:00:00;24;250,68;74;772,93;211
Pozuelo - Estación;2020/04/12 07:00:00;54;148,48;193;530,67;212
Pozuelo - Somosaguas;2020/04/12 07:00:00;16;75,64;96;453,81;213
Presentación Sabio;2020/04/12 07:00:00;55;196,92;157;562,12;214
Prosperidad;2020/04/12 07:00:00;181;323,44;515;920,28;215
Puerta Bonita;2020/04/12 07:00:00;41;233,43;130;740,15;216
Puerta de Madrid;2020/04/12 07:00:00;39;282,55;150;1086,72;217
Puerta del Ángel;2020/04/12 07:00:00;62;297,68;159;763,4;218
Quinta de los Molinos;2020/04/12 07:00:00;30;148,77;88;436,4;219
Rafael Alberti;2020/04/12 07:00:00;47;210,87;125;560,81;220
Ramón y Cajal;2020/04/12 07:00:00;112;480,19;212;908,94;221
Rascafría;2020/04/12 07:00:00;;133,21;6;266,43;222
Reina Victoria;2020/04/12 07:00:00;113;338,91;298;893,77;223
Rejas;2020/04/12 07:00:00;21;122,02;69;400,93;224
Reyes Católicos;2020/04/12 07:00:00;47;232,97;91;451,08;225
Reyes Magos;2020/04/12 07:00:00;79;265,83;307;1033,04;226
Rivas - La Paz;2020/04/12 07:00:00;72;221,34;160;491,87;227
Rivas - Santa Mónica;2020/04/12 07:00:00;62;174,03;161;451,92;228
Rivas - 1º de Mayo;2020/04/12 07:00:00;43;239,21;129;717,62;229
Robledo de Chavela;2020/04/12 07:00:00;13;157,86;23;279,3;230
Rosa Luxemburgo;2020/04/12 07:00:00;64;277,71;129;559,75;231
San Andrés;2020/04/12 07:00:00;51;155,12;139;422,79;232
San Blas;2020/04/12 07:00:00;29;81,81;112;315,95;233
San Cristóbal;2020/04/12 07:00:00;42;199,35;114;541,08;234
San Diego;2020/04/12 07:00:00;86;291,86;234;794,14;235
San Fermín;2020/04/12 07:00:00;61;233,16;213;814,16;236
San Fernando;2020/04/12 07:00:00;54;240,26;121;538,35;237
San Isidro;2020/04/12 07:00:00;55;342,85;167;1041,02;238
San Juan de la Cruz;2020/04/12 07:00:00;36;116,97;131;425,64;239
San Lorenzo de El Escorial;2020/04/12 07:00:00;26;128,28;67;330,57;240
San Martín de Valdeiglesias;2020/04/12 07:00:00;21;187,6;65;580,67;241
San Martín de la Vega;2020/04/12 07:00:00;18;88,39;61;299,53;242
Sanchinarro;2020/04/12 07:00:00;75;263,36;194;681,23;243
Santa Eugenia;2020/04/12 07:00:00;82;292,11;287;1022,37;244
Sector Embarcaciones;2020/04/12 07:00:00;85;372,92;155;680,03;245
Sector III;2020/04/12 07:00:00;56;195,65;165;576,46;246
Sector Oficios;2020/04/12 07:00:00;54;213,8;93;368,21;247
Segovia;2020/04/12 07:00:00;59;252,61;140;599,42;248
Segre;2020/04/12 07:00:00;77;200,39;213;554,33;249
Sevilla la Nueva;2020/04/12 07:00:00;27;229,65;45;382,75;250
Sierra de Guadarrama;2020/04/12 07:00:00;25;144,69;53;306,75;251
Silvano;2020/04/12 07:00:00;78;204,99;211;554,52;252
Simancas;2020/04/12 07:00:00;94;547,15;211;1228,17;253
Soto del Real;2020/04/12 07:00:00;49;205,45;111;465,41;254
Sánchez Morate;2020/04/12 07:00:00;38;164,67;82;355,33;255
Torrelaguna;2020/04/12 07:00:00;13;203,57;26;407,14;256
Torrelodones;2020/04/12 07:00:00;47;139,9;119;354,22;257
Torres de la Alameda;2020/04/12 07:00:00;35;159,47;166;756,33;258
V Centenario;2020/04/12 07:00:00;45;213,03;81;383,45;259
Valdeacederas;2020/04/12 07:00:00;109;416,86;264;1009,64;260
Valdebernardo;2020/04/12 07:00:00;67;348,21;184;956,29;261
Valdelasfuentes;2020/04/12 07:00:00;54;223,89;106;439,49;262
Valdemorillo;2020/04/12 07:00:00;15;123,75;26;214,5;263
Valdemoro;2020/04/12 07:00:00;51;136,4;350;936,1;264
Valderribas;2020/04/12 07:00:00;34;187,01;86;473,02;265
Valdezarza;2020/04/12 07:00:00;114;239,66;315;662,21;266
Valle Inclán;2020/04/12 07:00:00;16;154,99;48;464,98;267
Valle de la Oliva;2020/04/12 07:00:00;27;89,41;90;298,04;268
Valleaguado;2020/04/12 07:00:00;77;305,14;191;756,92;269
Vandel;2020/04/12 07:00:00;128;532,96;362;1507,27;270
Vicente Muzas;2020/04/12 07:00:00;50;228,13;116;529,27;271
Vicálvaro - Artilleros;2020/04/12 07:00:00;58;277,95;156;747,59;272
Vicálvaro - Villablanca;2020/04/12 07:00:00;79;580,93;203;1492,76;273
Villa Vallecas;2020/04/12 07:00:00;95;321,54;370;1252,33;274
Villa del Prado;2020/04/12 07:00:00;32;332,88;80;832,21;275
Villaamil;2020/04/12 07:00:00;118;460,79;263;1027,02;276
Villanueva de la Cañada;2020/04/12 07:00:00;32;85,02;128;340,07;277
Villanueva del Pardillo;2020/04/12 07:00:00;12;71,05;60;355,26;278
Villarejo de Salvanés;2020/04/12 07:00:00;19;133,58;62;435,88;279
Villaviciosa de Odón;2020/04/12 07:00:00;41;147,8;145;522,71;280
Vinateros - Torito;2020/04/12 07:00:00;131;377,77;315;908,38;281
Virgen de Begoña;2020/04/12 07:00:00;96;931,77;174;1688,83;282
Virgen del Cortijo;2020/04/12 07:00:00;22;154,06;66;462,18;283
Virgen del Val;2020/04/12 07:00:00;31;255,02;136;1118,79;284
Vista Alegre;2020/04/12 07:00:00;65;137,2;176;371,49;285
Zofío;2020/04/12 07:00:00;62;213,97;213;735,09;286
Abrantes;2020/04/11 07:00:00;59;199,95;196;664,23;001
Acacias;2020/04/11 07:00:00;38;195,36;134;688,91;002
Adelfas;2020/04/11 07:00:00;70;252,69;198;714,75;003
Alameda;2020/04/11 07:00:00;58;269,23;144;668,43;004
Alameda de Osuna;2020/04/11 07:00:00;86;279,86;220;715,91;005
Alcalde Bartolomé González;2020/04/11 07:00:00;75;325,63;170;738,1;006
Alcalá de Guadaira;2020/04/11 07:00:00;38;290,92;118;903,38;007
Alcobendas - Chopera;2020/04/11 07:00:00;30;94,84;76;240,27;008
Alcocer;2020/04/11 07:00:00;42;320,32;157;1197,38;009
Algete;2020/04/11 07:00:00;55;185,42;105;353,99;010
Alicante;2020/04/11 07:00:00;52;184,76;178;632,46;011
Almendrales;2020/04/11 07:00:00;64;233,51;174;634,85;012
Alpedrete;2020/04/11 07:00:00;27;187,07;72;498,86;013
Alpes;2020/04/11 07:00:00;130;334,72;305;785,29;014
Andrés Mellado;2020/04/11 07:00:00;69;284,24;165;679,71;015
Ángela Uriarte;2020/04/11 07:00:00;88;319,52;205;744,34;016
Antonio Leyva;2020/04/11 07:00:00;35;289,38;88;727,57;017
Aquitania;2020/04/11 07:00:00;56;237,74;160;679,26;018
Aranjuez;2020/04/11 07:00:00;111;251,35;263;595,55;019
Aravaca;2020/04/11 07:00:00;76;192,09;207;523,2;020
Arganda del Rey;2020/04/11 07:00:00;83;343,43;146;604,1;021
Arganda - Felicidad;2020/04/11 07:00:00;36;106,58;120;355,28;022
Argüelles;2020/04/11 07:00:00;40;151,03;97;366,26;023
Arroyomolinos;2020/04/11 07:00:00;55;210,82;122;467,63;024
Barajas;2020/04/11 07:00:00;45;205;97;441,89;025
Barcelona;2020/04/11 07:00:00;56;230,53;159;654,54;026
Barrio del Puerto;2020/04/11 07:00:00;21;149,53;63;448,59;027
Baviera;2020/04/11 07:00:00;53;361,16;165;1124,36;028
Benita de Ávila;2020/04/11 07:00:00;70;335,22;187;895,51;029
Boadilla del Monte;2020/04/11 07:00:00;67;126,81;189;357,7;030
Brújula;2020/04/11 07:00:00;23;108,03;131;615,31;031
Buenavista;2020/04/11 07:00:00;41;174,08;153;649,6;032
Buitrago de Lozoya;2020/04/11 07:00:00;12;250;29;604,17;033
Bustarviejo;2020/04/11 07:00:00;108;509,79;228;1076,23;034
Butarque;2020/04/11 07:00:00;34;186,11;114;624,01;035
Cadalso de los Vidrios;2020/04/11 07:00:00;6;111,19;22;407,71;036
Campamento;2020/04/11 07:00:00;43;280,66;116;757,13;037
Campo Real;2020/04/11 07:00:00;31;177,53;69;395,14;038
Campo de la Paloma;2020/04/11 07:00:00;65;337,1;167;866,09;039
Canal de Panamá;2020/04/11 07:00:00;64;213,73;185;617,82;040
Canillejas;2020/04/11 07:00:00;86;219,92;217;554,9;041
Carabanchel Alto;2020/04/11 07:00:00;36;166,62;126;583,17;042
Caramuel;2020/04/11 07:00:00;66;270,59;165;676,48;043
Carmen Calzado;2020/04/11 07:00:00;40;240,69;178;1071,06;044
Casa de Campo;2020/04/11 07:00:00;69;520,05;241;1816,4;045
Castelló;2020/04/11 07:00:00;24;106,85;65;289,39;046
Castilla la Nueva;2020/04/11 07:00:00;61;253,06;161;667,91;047
Cea Bermúdez;2020/04/11 07:00:00;65;259,92;156;623,8;048
Cercedilla;2020/04/11 07:00:00;49;343,09;114;798,21;049
Chopera;2020/04/11 07:00:00;84;227,65;235;636,87;050
Ciempozuelos;2020/04/11 07:00:00;36;135,03;144;540,14;051
Ciudad San Pablo;2020/04/11 07:00:00;23;181,72;76;600,46;052
Ciudad de los Periodistas;2020/04/11 07:00:00;151;548,87;355;1290,39;053
Collado Mediano;2020/04/11 07:00:00;18;145,81;32;259,21;054
Collado Villalba Estación;2020/04/11 07:00:00;53;165,92;109;341,22;055
Collado Villalba Pueblo;2020/04/11 07:00:00;43;214,43;95;473,74;056
Colmenar Viejo Norte;2020/04/11 07:00:00;65;271,25;117;488,25;057
Colmenar Viejo Sur;2020/04/11 07:00:00;77;291,23;122;461,42;058
Colmenar de Oreja;2020/04/11 07:00:00;24;136,22;52;295,15;059
Comillas;2020/04/11 07:00:00;50;219,52;153;671,73;060
Cortes;2020/04/11 07:00:00;64;214,38;178;596,25;061
Coslada - Jaime Vera;2020/04/11 07:00:00;45;336,12;107;799,22;062
Cuzco;2020/04/11 07:00:00;65;266,79;173;710,06;063
Daganzo de Arriba;2020/04/11 07:00:00;20;116,14;59;342,62;064
Daroca;2020/04/11 07:00:00;96;229,3;228;544,58;065
Dehesa Vieja;2020/04/11 07:00:00;36;131,4;87;317,55;066
Dos de Mayo;2020/04/11 07:00:00;104;283,56;227;618,93;067
Doctor Cirajas;2020/04/11 07:00:00;116;303,32;270;706,01;068
Doctor Laín Entralgo;2020/04/11 07:00:00;108;427,67;212;839,5;069
Doctor Luengo Rodríguez;2020/04/11 07:00:00;61;184,08;145;437,56;070
Doctor Tamames;2020/04/11 07:00:00;68;294,63;172;745,23;071
Doctor Trueta;2020/04/11 07:00:00;42;328,25;78;609,61;072
El Bercial;2020/04/11 07:00:00;22;152,52;48;332,78;073
El Escorial;2020/04/11 07:00:00;14;84,22;45;270,71;074
El Espinillo;2020/04/11 07:00:00;27;146,76;136;739,21;075
El Greco;2020/04/11 07:00:00;24;109,27;58;264,08;076
El Juncal;2020/04/11 07:00:00;55;194,78;202;715,37;077
El Molar;2020/04/11 07:00:00;46;140,7;89;272,22;078
El Naranjo;2020/04/11 07:00:00;40;194,45;110;534,73;079
El Pardo;2020/04/11 07:00:00;16;554,98;47;1630,25;080
El Restón;2020/04/11 07:00:00;36;92,29;203;520,39;081
El Soto;2020/04/11 07:00:00;78;401,63;158;813,55;082
Eloy Gonzalo;2020/04/11 07:00:00;69;195,66;200;567,12;083
Embajadores;2020/04/11 07:00:00;84;272,04;212;686,57;084
Ensanche Vallecas;2020/04/11 07:00:00;100;204,03;318;648,82;085
Entrevías;2020/04/11 07:00:00;89;313,28;219;770,88;086
Espronceda;2020/04/11 07:00:00;124;304,75;312;766,79;087
Estrecho de Corea;2020/04/11 07:00:00;101;317;263;825,46;088
Estrella;2020/04/11 07:00:00;47;323,2;135;928,35;089
Europa;2020/04/11 07:00:00;116;575,88;233;1156,73;090
Federica Montseny;2020/04/11 07:00:00;112;505,55;336;1516,66;091
Felipe II;2020/04/11 07:00:00;66;311,35;154;726,48;092
Francia;2020/04/11 07:00:00;59;157,17;191;508,8;093
Fuencarral;2020/04/11 07:00:00;71;264,82;128;477,42;094
Fuente el Saz;2020/04/11 07:00:00;34;181,04;60;319,49;095
Fuentelarreina;2020/04/11 07:00:00;92;422,85;187;859,49;096
Galapagar;2020/04/11 07:00:00;57;138,15;150;363,56;097
Gandhi;2020/04/11 07:00:00;57;295,44;114;590,89;098
García Noblejas;2020/04/11 07:00:00;44;186,88;125;530,92;099
General Fanjul;2020/04/11 07:00:00;73;314,41;188;809,72;100
General Moscardó;2020/04/11 07:00:00;93;467,01;198;994,28;101
General Oráa;2020/04/11 07:00:00;47;253,37;137;738,54;102
General Ricardos;2020/04/11 07:00:00;73;263,16;196;706,56;103
Getafe Norte;2020/04/11 07:00:00;25;166,33;63;419,16;104
Goya;2020/04/11 07:00:00;175;287,94;519;853,96;105
Gregorio Marañón;2020/04/11 07:00:00;89;313,84;177;624,16;106
Griñón;2020/04/11 07:00:00;50;133,99;146;391,26;107
Guadarrama;2020/04/11 07:00:00;42;265,86;81;512,72;108
Guayaba;2020/04/11 07:00:00;36;202,36;144;809,44;109
Guzmán el Bueno;2020/04/11 07:00:00;62;266,74;170;731,37;110
Huerta de Los Frailes;2020/04/11 07:00:00;71;498,81;157;1102,99;111
Humanes de Madrid;2020/04/11 07:00:00;33;127,1;100;385,15;112
Ibiza;2020/04/11 07:00:00;107;310,17;280;811,66;113
Imperial;2020/04/11 07:00:00;65;245,52;164;619,48;114
Infanta Mercedes;2020/04/11 07:00:00;53;363,61;131;898,74;115
Isabel II;2020/04/11 07:00:00;138;386,92;247;692,54;116
Jazmín;2020/04/11 07:00:00;48;176,59;131;481,94;117
Juan de Austria;2020/04/11 07:00:00;39;183,59;215;1012,1;118
Juan de la Cierva;2020/04/11 07:00:00;70;222,08;168;532,99;119
Justicia;2020/04/11 07:00:00;38;236,89;87;542,36;120
La Cabrera;2020/04/11 07:00:00;20;294,9;31;457,09;121
La Elipa;2020/04/11 07:00:00;54;396,33;110;807,34;122
La Garena;2020/04/11 07:00:00;9;133,55;38;563,88;123
La Marazuela;2020/04/11 07:00:00;21;184,6;55;483,47;124
La Moraleja;2020/04/11 07:00:00;27;109,16;80;323,44;125
La Plata;2020/04/11 07:00:00;33;127,84;143;553,96;126
La Princesa;2020/04/11 07:00:00;48;247,61;128;660,3;127
La Ribota;2020/04/11 07:00:00;42;165,37;90;354,37;128
La Ventilla;2020/04/11 07:00:00;113;497,69;252;1109,89;129
La Veredilla;2020/04/11 07:00:00;22;132,95;97;586,17;130
Las Águilas;2020/04/11 07:00:00;100;365,03;235;857,82;131
Las Américas;2020/04/11 07:00:00;30;78,17;108;281,42;132
Las Calesas;2020/04/11 07:00:00;69;230,25;231;770,82;133
Las Ciudades;2020/04/11 07:00:00;29;149,35;89;458,36;134
Las Fronteras;2020/04/11 07:00:00;41;118,92;193;559,81;135
Las Margaritas;2020/04/11 07:00:00;56;200,5;118;422,48;136
Las Matas;2020/04/11 07:00:00;11;93,47;37;314,41;137
Las Olivas;2020/04/11 07:00:00;34;176,44;87;451,48;138
Las Rozas;2020/04/11 07:00:00;55;151,39;158;434,9;139
Las Tablas;2020/04/11 07:00:00;43;135,45;104;327,6;140
Lavapiés;2020/04/11 07:00:00;41;157,64;117;449,84;141
Leganés Norte;2020/04/11 07:00:00;178;1254,94;261;1840,1;142
Legazpi;2020/04/11 07:00:00;61;238,01;165;643,8;143
Londres;2020/04/11 07:00:00;45;324,61;145;1045,95;144
Los Alperchines;2020/04/11 07:00:00;66;337,58;182;930,9;145
Los Ángeles;2020/04/11 07:00:00;65;183;241;678,49;146
Los Castillos;2020/04/11 07:00:00;123;572,47;254;1182,17;147
Los Cármenes;2020/04/11 07:00:00;42;145,15;129;445,81;148
Los Fresnos;2020/04/11 07:00:00;10;83,86;38;318,69;149
Los Pedroches;2020/04/11 07:00:00;110;433,02;321;1263,63;150
Los Rosales;2020/04/11 07:00:00;45;227,3;156;787,96;151
Los Yébenes;2020/04/11 07:00:00;59;160,15;205;556,46;152
Lucero;2020/04/11 07:00:00;99;243,99;297;731,98;153
Luis Vives;2020/04/11 07:00:00;32;112,63;168;591,3;154
Majadahonda;2020/04/11 07:00:00;68;142,34;229;479,36;155
Manuel Merino;2020/04/11 07:00:00;19;151,23;101;803,88;156
Manzanares El Real;2020/04/11 07:00:00;29;193,42;51;340,16;157
Maqueda;2020/04/11 07:00:00;104;356,24;229;784,41;158
Mar Báltico;2020/04/11 07:00:00;205;346,83;519;878,07;159
Marqués de la Valdavia;2020/04/11 07:00:00;27;159,57;52;307,33;160
Martín de Vargas;2020/04/11 07:00:00;36;199,15;95;525,53;161
Martínez de la Riva;2020/04/11 07:00:00;55;331,27;124;746,85;162
María Curie;2020/04/11 07:00:00;36;263,91;79;579,14;163
María Montessori;2020/04/11 07:00:00;127;834,81;274;1801,09;164
María de Guzmán;2020/04/11 07:00:00;73;337,59;290;1341,1;165
Meco;2020/04/11 07:00:00;41;172,04;174;730,14;166
Media Legua;2020/04/11 07:00:00;108;477,05;230;1015,95;167
Mejorada del Campo;2020/04/11 07:00:00;107;243,57;244;555,43;168
Mendiguchía Carriche;2020/04/11 07:00:00;102;399,05;211;825,48;169
Miguel Servet;2020/04/11 07:00:00;57;344,33;120;724,9;170
Miguel de Cervantes;2020/04/11 07:00:00;68;256,77;321;1212,1;171
Miraflores;2020/04/11 07:00:00;50;210;111;466,19;172
Mirasierra;2020/04/11 07:00:00;113;366,78;230;746,54;173
Monforte de Lemos;2020/04/11 07:00:00;65;411,31;130;822,63;174
Monovar;2020/04/11 07:00:00;74;395,07;191;1019,7;175
Montecarmelo;2020/04/11 07:00:00;38;211,84;104;579,77;176
Monterrozas;2020/04/11 07:00:00;138;379,39;239;657,06;177
Montesa;2020/04/11 07:00:00;92;340,54;256;947,59;178
Moralzarzal;2020/04/11 07:00:00;26;199,66;51;391,64;179
Morata de Tajuña;2020/04/11 07:00:00;16;206;80;1030;180
María Jesús Hereza;2020/04/11 07:00:00;214;623,8;497;1448,73;181
Méndez Álvaro;2020/04/11 07:00:00;57;640,52;141;1584,45;182
Navalcarnero;2020/04/11 07:00:00;50;124,28;151;375,31;183
Navas del Rey;2020/04/11 07:00:00;9;132,84;52;767,53;184
Nuestra Señora del Pilar;2020/04/11 07:00:00;27;137,16;109;553,72;185
Numancia;2020/04/11 07:00:00;125;479,44;306;1173,67;186
Nuñez Morgado;2020/04/11 07:00:00;83;362,1;190;828,9;187
Opañel;2020/04/11 07:00:00;68;302,75;176;783,58;188
Orcasitas;2020/04/11 07:00:00;28;122,38;114;498,25;189
Orcasur;2020/04/11 07:00:00;31;237,4;86;658,6;190
Pacífico;2020/04/11 07:00:00;113;328,17;284;824,79;191
Palma Universidad;2020/04/11 07:00:00;57;224,17;132;519,13;192
Palomares;2020/04/11 07:00:00;102;573,71;245;1378,03;193
Panaderas;2020/04/11 07:00:00;67;175,22;201;525,67;194
Paracuellos del Jarama;2020/04/11 07:00:00;25;108,65;60;260,77;195
Parque Coimbra;2020/04/11 07:00:00;54;400,74;100;742,12;196
Parque Europa;2020/04/11 07:00:00;36;117;116;377;197
Parque Loranca;2020/04/11 07:00:00;38;122,36;119;383,19;198
Parque Oeste;2020/04/11 07:00:00;41;288,25;94;660,85;199
Pavones;2020/04/11 07:00:00;51;317,9;149;928,75;200
Perales de Tajuña;2020/04/11 07:00:00;24;271,86;61;690,98;201
Perales del Río;2020/04/11 07:00:00;25;265,56;61;647,97;202
Peña Prieta;2020/04/11 07:00:00;49;246,75;133;669,76;203
Peñagrande;2020/04/11 07:00:00;102;371,65;207;754,24;204
Pilar;2020/04/11 07:00:00;207;477,83;519;1198,03;205
Pinto;2020/04/11 07:00:00;17;75,95;57;254,66;206
Pintores;2020/04/11 07:00:00;26;95,54;115;422,58;207
Pizarro;2020/04/11 07:00:00;79;480,42;157;954,76;208
Portazgo;2020/04/11 07:00:00;110;513,42;246;1148,19;209
Potosí;2020/04/11 07:00:00;98;331,34;216;730,3;210
Pozo de Tío Raimundo;2020/04/11 07:00:00;23;240,23;73;762,48;211
Pozuelo - Estación;2020/04/11 07:00:00;55;151,23;189;519,67;212
Pozuelo - Somosaguas;2020/04/11 07:00:00;19;89,82;96;453,81;213
Presentación Sabio;2020/04/11 07:00:00;51;182,6;152;544,22;214
Prosperidad;2020/04/11 07:00:00;176;314,5;509;909,56;215
Puerta Bonita;2020/04/11 07:00:00;43;244,82;130;740,15;216
Puerta de Madrid;2020/04/11 07:00:00;39;282,55;151;1093,97;217
Puerta del Ángel;2020/04/11 07:00:00;59;283,27;156;748,99;218
Quinta de los Molinos;2020/04/11 07:00:00;29;143,81;86;426,48;219
Rafael Alberti;2020/04/11 07:00:00;50;224,33;125;560,81;220
Ramón y Cajal;2020/04/11 07:00:00;108;463,04;207;887,5;221
Rascafría;2020/04/11 07:00:00;;133,21;6;266,43;222
Reina Victoria;2020/04/11 07:00:00;111;332,91;297;890,77;223
Rejas;2020/04/11 07:00:00;19;110,4;68;395,12;224
Reyes Católicos;2020/04/11 07:00:00;44;218,1;88;436,21;225
Reyes Magos;2020/04/11 07:00:00;77;259,1;306;1029,68;226
Rivas - La Paz;2020/04/11 07:00:00;81;249,01;160;491,87;227
Rivas - Santa Mónica;2020/04/11 07:00:00;64;179,64;161;451,92;228
Rivas - 1º de Mayo;2020/04/11 07:00:00;46;255,9;130;723,19;229
Robledo de Chavela;2020/04/11 07:00:00;13;157,86;23;279,3;230
Rosa Luxemburgo;2020/04/11 07:00:00;60;260,35;124;538,05;231
San Andrés;2020/04/11 07:00:00;51;155,12;137;416,7;232
San Blas;2020/04/11 07:00:00;28;78,99;111;313,13;233
San Cristóbal;2020/04/11 07:00:00;38;180,36;112;531,59;234
San Diego;2020/04/11 07:00:00;97;329,19;233;790,74;235
San Fermín;2020/04/11 07:00:00;61;233,16;213;814,16;236
San Fernando;2020/04/11 07:00:00;53;235,81;121;538,35;237
San Isidro;2020/04/11 07:00:00;55;342,85;167;1041,02;238
San Juan de la Cruz;2020/04/11 07:00:00;34;110,47;129;419,14;239
San Lorenzo de El Escorial;2020/04/11 07:00:00;25;123,35;66;325,64;240
San Martín de Valdeiglesias;2020/04/11 07:00:00;20;178,67;63;562,8;241
San Martín de la Vega;2020/04/11 07:00:00;16;78,57;59;289,71;242
Sanchinarro;2020/04/11 07:00:00;73;256,34;190;667,18;243
Santa Eugenia;2020/04/11 07:00:00;86;306,36;284;1011,68;244
Sector Embarcaciones;2020/04/11 07:00:00;83;364,15;153;671,26;245
Sector III;2020/04/11 07:00:00;59;206,13;164;572,97;246
Sector Oficios;2020/04/11 07:00:00;53;209,84;91;360,3;247
Segovia;2020/04/11 07:00:00;56;239,77;138;590,85;248
Segre;2020/04/11 07:00:00;78;202,99;213;554,33;249
Sevilla la Nueva;2020/04/11 07:00:00;20;170,11;38;323,21;250
Sierra de Guadarrama;2020/04/11 07:00:00;24;138,9;52;300,96;251
Silvano;2020/04/11 07:00:00;79;207,62;207;544,01;252
Simancas;2020/04/11 07:00:00;93;541,33;205;1193,25;253
Soto del Real;2020/04/11 07:00:00;50;209,64;111;465,41;254
Sánchez Morate;2020/04/11 07:00:00;35;151,67;78;338;255
Torrelaguna;2020/04/11 07:00:00;11;172,25;26;407,14;256
Torrelodones;2020/04/11 07:00:00;50;148,83;120;357,2;257
Torres de la Alameda;2020/04/11 07:00:00;34;154,91;166;756,33;258
V Centenario;2020/04/11 07:00:00;41;194,09;77;364,51;259
Valdeacederas;2020/04/11 07:00:00;109;416,86;260;994,34;260
Valdebernardo;2020/04/11 07:00:00;78;405,38;184;956,29;261
Valdelasfuentes;2020/04/11 07:00:00;53;219,74;105;435,34;262
Valdemorillo;2020/04/11 07:00:00;15;123,75;26;214,5;263
Valdemoro;2020/04/11 07:00:00;49;131,05;349;933,43;264
Valderribas;2020/04/11 07:00:00;36;198,01;86;473,02;265
Valdezarza;2020/04/11 07:00:00;113;237,55;315;662,21;266
Valle Inclán;2020/04/11 07:00:00;16;154,99;49;474,67;267
Valle de la Oliva;2020/04/11 07:00:00;28;92,72;90;298,04;268
Valleaguado;2020/04/11 07:00:00;78;309,11;190;752,95;269
Vandel;2020/04/11 07:00:00;130;541,28;358;1490,61;270
Vicente Muzas;2020/04/11 07:00:00;49;223,57;113;515,58;271
Vicálvaro - Artilleros;2020/04/11 07:00:00;64;306,7;155;742,8;272
Vicálvaro - Villablanca;2020/04/11 07:00:00;80;588,28;203;1492,76;273
Villa Vallecas;2020/04/11 07:00:00;106;358,77;368;1245,56;274
Villa del Prado;2020/04/11 07:00:00;27;280,87;75;780,19;275
Villaamil;2020/04/11 07:00:00;115;449,08;261;1019,21;276
Villanueva de la Cañada;2020/04/11 07:00:00;32;85,02;127;337,42;277
Villanueva del Pardillo;2020/04/11 07:00:00;11;65,13;60;355,26;278
Villarejo de Salvanés;2020/04/11 07:00:00;19;133,58;62;435,88;279
Villaviciosa de Odón;2020/04/11 07:00:00;39;140,59;142;511,9;280
Vinateros - Torito;2020/04/11 07:00:00;140;403,73;311;896,85;281
Virgen de Begoña;2020/04/11 07:00:00;97;941,47;173;1679,12;282
Virgen del Cortijo;2020/04/11 07:00:00;21;147,06;64;448,18;283
Virgen del Val;2020/04/11 07:00:00;30;246,79;135;1110,56;284
Vista Alegre;2020/04/11 07:00:00;66;139,31;176;371,49;285
Zofío;2020/04/11 07:00:00;63;217,42;212;731,64;286
Abrantes;2020/04/10 07:00:00;58;196,56;184;623,56;001
Acacias;2020/04/10 07:00:00;46;236,49;131;673,49;002
Adelfas;2020/04/10 07:00:00;75;270,74;197;711,14;003
Alameda;2020/04/10 07:00:00;76;352,78;139;645,22;004
Alameda de Osuna;2020/04/10 07:00:00;92;299,38;216;702,9;005
Alcalde Bartolomé González;2020/04/10 07:00:00;86;373,39;167;725,08;006
Alcalá de Guadaira;2020/04/10 07:00:00;42;321,54;117;895,73;007
Alcobendas - Chopera;2020/04/10 07:00:00;37;116,97;74;233,95;008
Alcocer;2020/04/10 07:00:00;47;358,45;153;1166,87;009
Algete;2020/04/10 07:00:00;63;212,39;100;337,13;010
Alicante;2020/04/10 07:00:00;53;188,32;171;607,59;011
Almendrales;2020/04/10 07:00:00;61;222,56;164;598,37;012
Alpedrete;2020/04/10 07:00:00;29;200,93;71;491,93;013
Alpes;2020/04/10 07:00:00;135;347,59;299;769,84;014
Andrés Mellado;2020/04/10 07:00:00;74;304,84;155;638,52;015
Ángela Uriarte;2020/04/10 07:00:00;89;323,15;199;722,56;016
Antonio Leyva;2020/04/10 07:00:00;40;330,72;87;719,31;017
Aquitania;2020/04/10 07:00:00;59;250,48;155;658,03;018
Aranjuez;2020/04/10 07:00:00;115;260,41;256;579,7;019
Aravaca;2020/04/10 07:00:00;86;217,37;207;523,2;020
Arganda del Rey;2020/04/10 07:00:00;82;339,29;144;595,83;021
Arganda - Felicidad;2020/04/10 07:00:00;44;130,27;118;349,36;022
Argüelles;2020/04/10 07:00:00;43;162,36;94;354,93;023
Arroyomolinos;2020/04/10 07:00:00;62;237,65;120;459,96;024
Barajas;2020/04/10 07:00:00;48;218,67;96;437,34;025
Barcelona;2020/04/10 07:00:00;65;267,58;157;646,3;026
Barrio del Puerto;2020/04/10 07:00:00;25;178,01;62;441,47;027
Baviera;2020/04/10 07:00:00;60;408,86;161;1097,1;028
Benita de Ávila;2020/04/10 07:00:00;79;378,32;185;885,93;029
Boadilla del Monte;2020/04/10 07:00:00;72;136,27;182;344,46;030
Brújula;2020/04/10 07:00:00;25;117,43;129;605,92;031
Buenavista;2020/04/10 07:00:00;42;178,32;150;636,86;032
Buitrago de Lozoya;2020/04/10 07:00:00;12;250;27;562,5;033
Bustarviejo;2020/04/10 07:00:00;115;542,84;224;1057,35;034
Butarque;2020/04/10 07:00:00;39;213,48;111;607,59;035
Cadalso de los Vidrios;2020/04/10 07:00:00;;92,66;21;389,18;036
Campamento;2020/04/10 07:00:00;42;274,13;112;731,02;037
Campo Real;2020/04/10 07:00:00;31;177,53;67;383,69;038
Campo de la Paloma;2020/04/10 07:00:00;69;357,85;163;845,35;039
Canal de Panamá;2020/04/10 07:00:00;66;220,41;179;597,78;040
Canillejas;2020/04/10 07:00:00;95;242,93;213;544,67;041
Carabanchel Alto;2020/04/10 07:00:00;41;189,76;127;587,8;042
Caramuel;2020/04/10 07:00:00;65;266,49;152;623,18;043
Carmen Calzado;2020/04/10 07:00:00;49;294,84;175;1053,01;044
Casa de Campo;2020/04/10 07:00:00;91;685,86;237;1786,25;045
Castelló;2020/04/10 07:00:00;28;124,66;65;289,39;046
Castilla la Nueva;2020/04/10 07:00:00;65;269,65;158;655,47;047
Cea Bermúdez;2020/04/10 07:00:00;70;279,91;151;603,81;048
Cercedilla;2020/04/10 07:00:00;54;378,1;114;798,21;049
Chopera;2020/04/10 07:00:00;103;279,14;230;623,32;050
Ciempozuelos;2020/04/10 07:00:00;40;150,04;144;540,14;051
Ciudad San Pablo;2020/04/10 07:00:00;28;221,22;73;576,76;052
Ciudad de los Periodistas;2020/04/10 07:00:00;160;581,59;350;1272,22;053
Collado Mediano;2020/04/10 07:00:00;20;162,01;32;259,21;054
Collado Villalba Estación;2020/04/10 07:00:00;56;175,31;106;331,83;055
Collado Villalba Pueblo;2020/04/10 07:00:00;49;244,35;95;473,74;056
Colmenar Viejo Norte;2020/04/10 07:00:00;63;262,91;112;467,39;057
Colmenar Viejo Sur;2020/04/10 07:00:00;78;295,01;115;434,95;058
Colmenar de Oreja;2020/04/10 07:00:00;23;130,55;50;283,8;059
Comillas;2020/04/10 07:00:00;48;210,74;143;627,83;060
Cortes;2020/04/10 07:00:00;77;257,93;176;589,56;061
Coslada - Jaime Vera;2020/04/10 07:00:00;50;373,47;107;799,22;062
Cuzco;2020/04/10 07:00:00;76;311,94;170;697,75;063
Daganzo de Arriba;2020/04/10 07:00:00;21;121,95;58;336,82;064
Daroca;2020/04/10 07:00:00;107;255,57;222;530,25;065
Dehesa Vieja;2020/04/10 07:00:00;49;178,85;84;306,6;066
Dos de Mayo;2020/04/10 07:00:00;112;305,38;221;602,57;067
Doctor Cirajas;2020/04/10 07:00:00;123;321,63;262;685,09;068
Doctor Laín Entralgo;2020/04/10 07:00:00;115;455,39;206;815,74;069
Doctor Luengo Rodríguez;2020/04/10 07:00:00;79;238,4;144;434,55;070
Doctor Tamames;2020/04/10 07:00:00;75;324,96;170;736,57;071
Doctor Trueta;2020/04/10 07:00:00;41;320,44;75;586,17;072
El Bercial;2020/04/10 07:00:00;26;180,26;47;325,85;073
El Escorial;2020/04/10 07:00:00;16;96,25;42;252,66;074
El Espinillo;2020/04/10 07:00:00;34;184,8;133;722,9;075
El Greco;2020/04/10 07:00:00;26;118,38;54;245,87;076
El Juncal;2020/04/10 07:00:00;57;201,86;198;701,21;077
El Molar;2020/04/10 07:00:00;50;152,93;86;263,05;078
El Naranjo;2020/04/10 07:00:00;52;252,78;109;529,87;079
El Pardo;2020/04/10 07:00:00;22;763,09;47;1630,25;080
El Restón;2020/04/10 07:00:00;35;89,72;198;507,58;081
El Soto;2020/04/10 07:00:00;85;437,67;152;782,66;082
Eloy Gonzalo;2020/04/10 07:00:00;83;235,35;196;555,78;083
Embajadores;2020/04/10 07:00:00;105;340,05;210;680,1;084
Ensanche Vallecas;2020/04/10 07:00:00;112;228,52;316;644,74;085
Entrevías;2020/04/10 07:00:00;97;341,44;215;756,8;086
Espronceda;2020/04/10 07:00:00;123;302,29;300;737,3;087
Estrecho de Corea;2020/04/10 07:00:00;109;342,11;258;809,77;088
Estrella;2020/04/10 07:00:00;55;378,21;130;893,96;089
Europa;2020/04/10 07:00:00;124;615,6;221;1097,16;090
Federica Montseny;2020/04/10 07:00:00;128;577,77;332;1498,6;091
Felipe II;2020/04/10 07:00:00;69;325,5;149;702,9;092
Francia;2020/04/10 07:00:00;69;183,81;190;506,14;093
Fuencarral;2020/04/10 07:00:00;67;249,9;122;455,04;094
Fuente el Saz;2020/04/10 07:00:00;33;175,72;55;292,86;095
Fuentelarreina;2020/04/10 07:00:00;94;432,04;181;831,92;096
Galapagar;2020/04/10 07:00:00;62;150,27;146;353,86;097
Gandhi;2020/04/10 07:00:00;60;310,99;111;575,34;098
García Noblejas;2020/04/10 07:00:00;45;191,13;121;513,93;099
General Fanjul;2020/04/10 07:00:00;76;327,33;184;792,49;100
General Moscardó;2020/04/10 07:00:00;96;482,07;193;969,17;101
General Oráa;2020/04/10 07:00:00;52;280,32;133;716,98;102
General Ricardos;2020/04/10 07:00:00;76;273,97;188;677,72;103
Getafe Norte;2020/04/10 07:00:00;29;192,95;62;412,51;104
Goya;2020/04/10 07:00:00;201;330,72;510;839,15;105
Gregorio Marañón;2020/04/10 07:00:00;96;338,53;173;610,06;106
Griñón;2020/04/10 07:00:00;56;150,07;145;388,58;107
Guadarrama;2020/04/10 07:00:00;48;303,84;80;506,39;108
Guayaba;2020/04/10 07:00:00;40;224,85;141;792,58;109
Guzmán el Bueno;2020/04/10 07:00:00;74;318,36;166;714,16;110
Huerta de Los Frailes;2020/04/10 07:00:00;81;569,06;154;1081,92;111
Humanes de Madrid;2020/04/10 07:00:00;37;142,51;97;373,59;112
Ibiza;2020/04/10 07:00:00;115;333,36;271;785,58;113
Imperial;2020/04/10 07:00:00;80;302,18;161;608,14;114
Infanta Mercedes;2020/04/10 07:00:00;57;391,05;130;891,88;115
Isabel II;2020/04/10 07:00:00;138;386,92;239;670,11;116
Jazmín;2020/04/10 07:00:00;51;187,62;131;481,94;117
Juan de Austria;2020/04/10 07:00:00;48;225,96;215;1012,1;118
Juan de la Cierva;2020/04/10 07:00:00;73;231,6;162;513,96;119
Justicia;2020/04/10 07:00:00;40;249,36;84;523,66;120
La Cabrera;2020/04/10 07:00:00;20;294,9;29;427,6;121
La Elipa;2020/04/10 07:00:00;57;418,35;108;792,66;122
La Garena;2020/04/10 07:00:00;8;118,71;37;549,04;123
La Marazuela;2020/04/10 07:00:00;24;210,97;55;483,47;124
La Moraleja;2020/04/10 07:00:00;37;149,59;78;315,36;125
La Plata;2020/04/10 07:00:00;35;135,59;141;546,22;126
La Princesa;2020/04/10 07:00:00;54;278,57;126;649,99;127
La Ribota;2020/04/10 07:00:00;42;165,37;87;342,56;128
La Ventilla;2020/04/10 07:00:00;107;471,26;244;1074,65;129
La Veredilla;2020/04/10 07:00:00;25;151,08;97;586,17;130
Las Águilas;2020/04/10 07:00:00;99;361,38;226;824,97;131
Las Américas;2020/04/10 07:00:00;34;88,59;109;284,02;132
Las Calesas;2020/04/10 07:00:00;78;260,28;217;724,11;133
Las Ciudades;2020/04/10 07:00:00;32;164,8;86;442,91;134
Las Fronteras;2020/04/10 07:00:00;43;124,72;189;548,21;135
Las Margaritas;2020/04/10 07:00:00;62;221,98;114;408,16;136
Las Matas;2020/04/10 07:00:00;14;118,97;36;305,91;137
Las Olivas;2020/04/10 07:00:00;38;197,2;87;451,48;138
Las Rozas;2020/04/10 07:00:00;61;167,91;156;429,4;139
Las Tablas;2020/04/10 07:00:00;46;144,9;104;327,6;140
Lavapiés;2020/04/10 07:00:00;48;184,55;114;438,31;141
Leganés Norte;2020/04/10 07:00:00;193;1360,69;253;1783,7;142
Legazpi;2020/04/10 07:00:00;76;296,54;162;632,1;143
Londres;2020/04/10 07:00:00;58;418,38;139;1002,67;144
Los Alperchines;2020/04/10 07:00:00;73;373,38;177;905,32;145
Los Ángeles;2020/04/10 07:00:00;71;199,89;234;658,78;146
Los Castillos;2020/04/10 07:00:00;131;609,7;248;1154,24;147
Los Cármenes;2020/04/10 07:00:00;44;152,06;124;428,53;148
Los Fresnos;2020/04/10 07:00:00;10;83,86;38;318,69;149
Los Pedroches;2020/04/10 07:00:00;114;448,77;303;1192,77;150
Los Rosales;2020/04/10 07:00:00;52;262,65;150;757,65;151
Los Yébenes;2020/04/10 07:00:00;65;176,44;200;542,89;152
Lucero;2020/04/10 07:00:00;104;256,32;287;707,33;153
Luis Vives;2020/04/10 07:00:00;37;130,23;164;577,22;154
Majadahonda;2020/04/10 07:00:00;76;159,09;225;470,99;155
Manuel Merino;2020/04/10 07:00:00;22;175,1;101;803,88;156
Manzanares El Real;2020/04/10 07:00:00;28;186,75;46;306,81;157
Maqueda;2020/04/10 07:00:00;106;363,09;222;760,43;158
Mar Báltico;2020/04/10 07:00:00;215;363,75;503;851;159
Marqués de la Valdavia;2020/04/10 07:00:00;29;171,39;48;283,69;160
Martín de Vargas;2020/04/10 07:00:00;47;260;96;531,06;161
Martínez de la Riva;2020/04/10 07:00:00;57;343,31;120;722,76;162
María Curie;2020/04/10 07:00:00;33;241,92;73;535,15;163
María Montessori;2020/04/10 07:00:00;133;874,25;259;1702,49;164
María de Guzmán;2020/04/10 07:00:00;76;351,46;283;1308,73;165
Meco;2020/04/10 07:00:00;41;172,04;171;717,55;166
Media Legua;2020/04/10 07:00:00;116;512,39;222;980,61;167
Mejorada del Campo;2020/04/10 07:00:00;116;264,06;238;541,77;168
Mendiguchía Carriche;2020/04/10 07:00:00;102;399,05;200;782,44;169
Miguel Servet;2020/04/10 07:00:00;64;386,61;119;718,86;170
Miguel de Cervantes;2020/04/10 07:00:00;69;260,54;317;1196,99;171
Miraflores;2020/04/10 07:00:00;58;243,6;107;449,39;172
Mirasierra;2020/04/10 07:00:00;114;370,02;219;710,83;173
Monforte de Lemos;2020/04/10 07:00:00;62;392,33;123;778,33;174
Monovar;2020/04/10 07:00:00;82;437,78;191;1019,7;175
Montecarmelo;2020/04/10 07:00:00;41;228,57;104;579,77;176
Monterrozas;2020/04/10 07:00:00;147;404,13;238;654,31;177
Montesa;2020/04/10 07:00:00;101;373,85;255;943,89;178
Moralzarzal;2020/04/10 07:00:00;30;230,38;51;391,64;179
Morata de Tajuña;2020/04/10 07:00:00;15;193,12;77;991,37;180
María Jesús Hereza;2020/04/10 07:00:00;228;664,61;476;1387,51;181
Méndez Álvaro;2020/04/10 07:00:00;66;741,66;139;1561,97;182
Navalcarnero;2020/04/10 07:00:00;60;149,13;148;367,86;183
Navas del Rey;2020/04/10 07:00:00;9;132,84;52;767,53;184
Nuestra Señora del Pilar;2020/04/10 07:00:00;31;157,48;108;548,64;185
Numancia;2020/04/10 07:00:00;136;521,63;298;1142,99;186
Nuñez Morgado;2020/04/10 07:00:00;86;375,19;185;807,08;187
Opañel;2020/04/10 07:00:00;67;298,29;164;730,15;188
Orcasitas;2020/04/10 07:00:00;31;135,49;108;472,03;189
Orcasur;2020/04/10 07:00:00;28;214,43;81;620,31;190
Pacífico;2020/04/10 07:00:00;120;348,5;276;801,56;191
Palma Universidad;2020/04/10 07:00:00;69;271,37;126;495,54;192
Palomares;2020/04/10 07:00:00;106;596,21;230;1293,66;193
Panaderas;2020/04/10 07:00:00;73;190,91;194;507,36;194
Paracuellos del Jarama;2020/04/10 07:00:00;31;134,73;59;256,42;195
Parque Coimbra;2020/04/10 07:00:00;50;371,06;91;675,32;196
Parque Europa;2020/04/10 07:00:00;43;139,75;116;377;197
Parque Loranca;2020/04/10 07:00:00;42;135,24;113;363,87;198
Parque Oeste;2020/04/10 07:00:00;45;316,37;88;618,67;199
Pavones;2020/04/10 07:00:00;65;405,16;146;910,05;200
Perales de Tajuña;2020/04/10 07:00:00;25;283,19;61;690,98;201
Perales del Río;2020/04/10 07:00:00;27;286,81;60;637,35;202
Peña Prieta;2020/04/10 07:00:00;53;266,89;126;634,5;203
Peñagrande;2020/04/10 07:00:00;105;382,58;204;743,3;204
Pilar;2020/04/10 07:00:00;212;489,37;503;1161,1;205
Pinto;2020/04/10 07:00:00;14;62,55;53;236,79;206
Pintores;2020/04/10 07:00:00;35;128,61;114;418,9;207
Pizarro;2020/04/10 07:00:00;77;468,26;143;869,62;208
Portazgo;2020/04/10 07:00:00;116;541,42;244;1138,86;209
Potosí;2020/04/10 07:00:00;106;358,39;213;720,15;210
Pozo de Tío Raimundo;2020/04/10 07:00:00;25;261,12;72;752,04;211
Pozuelo - Estación;2020/04/10 07:00:00;64;175,97;188;516,92;212
Pozuelo - Somosaguas;2020/04/10 07:00:00;23;108,73;96;453,81;213
Presentación Sabio;2020/04/10 07:00:00;56;200,5;148;529,9;214
Prosperidad;2020/04/10 07:00:00;202;360,97;499;891,69;215
Puerta Bonita;2020/04/10 07:00:00;56;318,83;129;734,46;216
Puerta de Madrid;2020/04/10 07:00:00;44;318,77;152;1101,21;217
Puerta del Ángel;2020/04/10 07:00:00;54;259,27;142;681,77;218
Quinta de los Molinos;2020/04/10 07:00:00;35;173,57;87;431,44;219
Rafael Alberti;2020/04/10 07:00:00;51;228,81;121;542,87;220
Ramón y Cajal;2020/04/10 07:00:00;114;488,77;201;861,77;221
Rascafría;2020/04/10 07:00:00;;133,21;6;266,43;222
Reina Victoria;2020/04/10 07:00:00;118;353,91;289;866,77;223
Rejas;2020/04/10 07:00:00;23;133,64;66;383,5;224
Reyes Católicos;2020/04/10 07:00:00;54;267,67;84;416,38;225
Reyes Magos;2020/04/10 07:00:00;91;306,21;303;1019,58;226
Rivas - La Paz;2020/04/10 07:00:00;78;239,79;150;461,13;227
Rivas - Santa Mónica;2020/04/10 07:00:00;70;196,49;160;449,11;228
Rivas - 1º de Mayo;2020/04/10 07:00:00;49;272,59;130;723,19;229
Robledo de Chavela;2020/04/10 07:00:00;11;133,58;21;255,01;230
Rosa Luxemburgo;2020/04/10 07:00:00;64;277,71;117;507,68;231
San Andrés;2020/04/10 07:00:00;54;164,25;134;407,58;232
San Blas;2020/04/10 07:00:00;33;93,09;107;301,84;233
San Cristóbal;2020/04/10 07:00:00;36;170,87;104;493,62;234
San Diego;2020/04/10 07:00:00;108;366,52;230;780,56;235
San Fermín;2020/04/10 07:00:00;65;248,45;207;791,22;236
San Fernando;2020/04/10 07:00:00;56;249,15;116;516,11;237
San Isidro;2020/04/10 07:00:00;52;324,15;158;984,91;238
San Juan de la Cruz;2020/04/10 07:00:00;44;142,96;128;415,89;239
San Lorenzo de El Escorial;2020/04/10 07:00:00;29;143,08;64;315,77;240
San Martín de Valdeiglesias;2020/04/10 07:00:00;20;178,67;62;553,87;241
San Martín de la Vega;2020/04/10 07:00:00;14;68,75;56;274,98;242
Sanchinarro;2020/04/10 07:00:00;83;291,45;185;649,62;243
Santa Eugenia;2020/04/10 07:00:00;103;366,91;279;993,87;244
Sector Embarcaciones;2020/04/10 07:00:00;89;390,47;151;662,48;245
Sector III;2020/04/10 07:00:00;62;216,61;158;552;246
Sector Oficios;2020/04/10 07:00:00;54;213,8;89;352,38;247
Segovia;2020/04/10 07:00:00;66;282,58;135;578,01;248
Segre;2020/04/10 07:00:00;84;218,61;211;549,12;249
Sevilla la Nueva;2020/04/10 07:00:00;21;178,62;38;323,21;250
Sierra de Guadarrama;2020/04/10 07:00:00;24;138,9;52;300,96;251
Silvano;2020/04/10 07:00:00;85;223,38;203;533,49;252
Simancas;2020/04/10 07:00:00;96;558,79;201;1169,97;253
Soto del Real;2020/04/10 07:00:00;53;222,22;109;457,02;254
Sánchez Morate;2020/04/10 07:00:00;37;160,33;76;329,33;255
Torrelaguna;2020/04/10 07:00:00;13;203,57;23;360,16;256
Torrelodones;2020/04/10 07:00:00;65;193,48;119;354,22;257
Torres de la Alameda;2020/04/10 07:00:00;41;186,81;162;738,11;258
V Centenario;2020/04/10 07:00:00;44;208,29;71;336,11;259
Valdeacederas;2020/04/10 07:00:00;107;409,21;254;971,39;260
Valdebernardo;2020/04/10 07:00:00;80;415,78;180;935,5;261
Valdelasfuentes;2020/04/10 07:00:00;52;215,6;100;414,61;262
Valdemorillo;2020/04/10 07:00:00;16;132;25;206,25;263
Valdemoro;2020/04/10 07:00:00;48;128,38;341;912,03;264
Valderribas;2020/04/10 07:00:00;41;225,51;85;467,52;265
Valdezarza;2020/04/10 07:00:00;132;277,5;309;649,6;266
Valle Inclán;2020/04/10 07:00:00;16;154,99;47;455,29;267
Valle de la Oliva;2020/04/10 07:00:00;31;102,66;90;298,04;268
Valleaguado;2020/04/10 07:00:00;89;352,7;190;752,95;269
Vandel;2020/04/10 07:00:00;148;616,23;352;1465,63;270
Vicente Muzas;2020/04/10 07:00:00;52;237,26;111;506,46;271
Vicálvaro - Artilleros;2020/04/10 07:00:00;68;325,87;154;738,01;272
Vicálvaro - Villablanca;2020/04/10 07:00:00;87;639,75;196;1441,28;273
Villa Vallecas;2020/04/10 07:00:00;117;396,01;364;1232,02;274
Villa del Prado;2020/04/10 07:00:00;31;322,48;71;738,58;275
Villaamil;2020/04/10 07:00:00;113;441,27;249;972,35;276
Villanueva de la Cañada;2020/04/10 07:00:00;39;103,62;125;332,1;277
Villanueva del Pardillo;2020/04/10 07:00:00;13;76,97;59;349,34;278
Villarejo de Salvanés;2020/04/10 07:00:00;24;168,73;62;435,88;279
Villaviciosa de Odón;2020/04/10 07:00:00;47;169,43;139;501,08;280
Vinateros - Torito;2020/04/10 07:00:00;140;403,73;298;859,36;281
Virgen de Begoña;2020/04/10 07:00:00;97;941,47;167;1620,89;282
Virgen del Cortijo;2020/04/10 07:00:00;24;168,07;63;441,18;283
Virgen del Val;2020/04/10 07:00:00;32;263,24;132;1085,88;284
Vista Alegre;2020/04/10 07:00:00;67;141,42;167;352,49;285
Zofío;2020/04/10 07:00:00;69;238,13;209;721,29;286
Abrantes;2020/04/09 07:00:00;68;230,45;180;610;001
Acacias;2020/04/09 07:00:00;55;282,76;127;652,92;002
Adelfas;2020/04/09 07:00:00;90;324,89;194;700,31;003
Alameda;2020/04/09 07:00:00;78;362,07;134;622,01;004
Alameda de Osuna;2020/04/09 07:00:00;99;322,16;208;676,86;005
Alcalde Bartolomé González;2020/04/09 07:00:00;88;382,08;156;677,32;006
Alcalá de Guadaira;2020/04/09 07:00:00;49;375,13;117;895,73;007
Alcobendas - Chopera;2020/04/09 07:00:00;44;139,1;74;233,95;008
Alcocer;2020/04/09 07:00:00;64;488,1;147;1121,11;009
Algete;2020/04/09 07:00:00;68;229,25;99;333,76;010
Alicante;2020/04/09 07:00:00;59;209,64;166;589,82;011
Almendrales;2020/04/09 07:00:00;74;269,99;158;576,47;012
Alpedrete;2020/04/09 07:00:00;34;235,57;70;485;013
Alpes;2020/04/09 07:00:00;157;404,23;293;754,4;014
Andrés Mellado;2020/04/09 07:00:00;82;337,8;149;613,8;015
Ángela Uriarte;2020/04/09 07:00:00;97;352,2;194;704,4;016
Antonio Leyva;2020/04/09 07:00:00;51;421,66;87;719,31;017
Aquitania;2020/04/09 07:00:00;73;309,91;153;649,54;018
Aranjuez;2020/04/09 07:00:00;116;262,68;250;566,11;019
Aravaca;2020/04/09 07:00:00;99;250,23;202;510,57;020
Arganda del Rey;2020/04/09 07:00:00;92;380,67;144;595,83;021
Arganda - Felicidad;2020/04/09 07:00:00;61;180,6;116;343,44;022
Argüelles;2020/04/09 07:00:00;53;200,12;93;351,16;023
Arroyomolinos;2020/04/09 07:00:00;65;249,15;110;421,63;024
Barajas;2020/04/09 07:00:00;52;236,89;90;410;025
Barcelona;2020/04/09 07:00:00;83;341,68;151;621,6;026
Barrio del Puerto;2020/04/09 07:00:00;28;199,37;61;434,35;027
Baviera;2020/04/09 07:00:00;71;483,82;160;1090,29;028
Benita de Ávila;2020/04/09 07:00:00;94;450,15;184;881,14;029
Boadilla del Monte;2020/04/09 07:00:00;78;147,62;181;342,56;030
Brújula;2020/04/09 07:00:00;39;183,18;128;601,22;031
Buenavista;2020/04/09 07:00:00;56;237,76;145;615,63;032
Buitrago de Lozoya;2020/04/09 07:00:00;12;250;27;562,5;033
Bustarviejo;2020/04/09 07:00:00;125;590,04;221;1043,19;034
Butarque;2020/04/09 07:00:00;44;240,85;109;596,64;035
Cadalso de los Vidrios;2020/04/09 07:00:00;;74,13;19;352,11;036
Campamento;2020/04/09 07:00:00;60;391,62;111;724,5;037
Campo Real;2020/04/09 07:00:00;33;188,98;64;366,51;038
Campo de la Paloma;2020/04/09 07:00:00;73;378,59;161;834,98;039
Canal de Panamá;2020/04/09 07:00:00;74;247,13;174;581,08;040
Canillejas;2020/04/09 07:00:00;108;276,17;209;534,44;041
Carabanchel Alto;2020/04/09 07:00:00;55;254,56;126;583,17;042
Caramuel;2020/04/09 07:00:00;85;348,49;151;619,08;043
Carmen Calzado;2020/04/09 07:00:00;62;373,07;172;1034,96;044
Casa de Campo;2020/04/09 07:00:00;107;806,45;233;1756,1;045
Castelló;2020/04/09 07:00:00;34;151,37;67;298,29;046
Castilla la Nueva;2020/04/09 07:00:00;63;261,36;152;630,57;047
Cea Bermúdez;2020/04/09 07:00:00;80;319,9;145;579,81;048
Cercedilla;2020/04/09 07:00:00;50;350,09;103;721,19;049
Chopera;2020/04/09 07:00:00;117;317,08;225;609,77;050
Ciempozuelos;2020/04/09 07:00:00;47;176,29;142;532,63;051
Ciudad San Pablo;2020/04/09 07:00:00;30;237,02;72;568,86;052
Ciudad de los Periodistas;2020/04/09 07:00:00;183;665,19;347;1261,31;053
Collado Mediano;2020/04/09 07:00:00;20;162,01;30;243,01;054
Collado Villalba Estación;2020/04/09 07:00:00;56;175,31;98;306,79;055
Collado Villalba Pueblo;2020/04/09 07:00:00;51;254,33;89;443,82;056
Colmenar Viejo Norte;2020/04/09 07:00:00;63;262,91;108;450,69;057
Colmenar Viejo Sur;2020/04/09 07:00:00;82;310,14;114;431,16;058
Colmenar de Oreja;2020/04/09 07:00:00;21;119,2;46;261,1;059
Comillas;2020/04/09 07:00:00;66;289,77;143;627,83;060
Cortes;2020/04/09 07:00:00;84;281,38;170;569,46;061
Coslada - Jaime Vera;2020/04/09 07:00:00;59;440,69;108;806,69;062
Cuzco;2020/04/09 07:00:00;71;291,41;158;648,5;063
Daganzo de Arriba;2020/04/09 07:00:00;28;162,6;56;325,2;064
Daroca;2020/04/09 07:00:00;121;289,01;217;518,31;065
Dehesa Vieja;2020/04/09 07:00:00;54;197,1;81;295,65;066
Dos de Mayo;2020/04/09 07:00:00;121;329,92;209;569,85;067
Doctor Cirajas;2020/04/09 07:00:00;137;358,24;257;672,02;068
Doctor Laín Entralgo;2020/04/09 07:00:00;125;494,99;197;780,11;069
Doctor Luengo Rodríguez;2020/04/09 07:00:00;81;244,43;137;413,42;070
Doctor Tamames;2020/04/09 07:00:00;88;381,28;170;736,57;071
Doctor Trueta;2020/04/09 07:00:00;43;336,07;73;570,54;072
El Bercial;2020/04/09 07:00:00;26;180,26;44;305,05;073
El Escorial;2020/04/09 07:00:00;19;114,3;42;252,66;074
El Espinillo;2020/04/09 07:00:00;44;239,16;133;722,9;075
El Greco;2020/04/09 07:00:00;21;95,62;48;218,55;076
El Juncal;2020/04/09 07:00:00;75;265,61;190;672,88;077
El Molar;2020/04/09 07:00:00;54;165,17;85;259,99;078
El Naranjo;2020/04/09 07:00:00;47;228,48;101;490,98;079
El Pardo;2020/04/09 07:00:00;23;797,78;45;1560,87;080
El Restón;2020/04/09 07:00:00;35;89,72;195;499,88;081
El Soto;2020/04/09 07:00:00;82;422,22;145;746,61;082
Eloy Gonzalo;2020/04/09 07:00:00;102;289,23;190;538,76;083
Embajadores;2020/04/09 07:00:00;122;395,1;208;673,62;084
Ensanche Vallecas;2020/04/09 07:00:00;132;269,32;311;634,54;085
Entrevías;2020/04/09 07:00:00;109;383,68;214;753,28;086
Espronceda;2020/04/09 07:00:00;158;388,31;292;717,64;087
Estrecho de Corea;2020/04/09 07:00:00;124;389,19;252;790,94;088
Estrella;2020/04/09 07:00:00;65;446,98;129;887,09;089
Europa;2020/04/09 07:00:00;136;675,17;219;1087,23;090
Federica Montseny;2020/04/09 07:00:00;141;636,45;326;1471,52;091
Felipe II;2020/04/09 07:00:00;76;358,52;145;684,03;092
Francia;2020/04/09 07:00:00;71;189,14;182;484,83;093
Fuencarral;2020/04/09 07:00:00;66;246,17;119;443,85;094
Fuente el Saz;2020/04/09 07:00:00;33;175,72;54;287,54;095
Fuentelarreina;2020/04/09 07:00:00;99;455,03;177;813,53;096
Galapagar;2020/04/09 07:00:00;64;155,12;141;341,74;097
Gandhi;2020/04/09 07:00:00;64;331,73;109;564,97;098
García Noblejas;2020/04/09 07:00:00;54;229,36;121;513,93;099
General Fanjul;2020/04/09 07:00:00;106;456,54;181;779,57;100
General Moscardó;2020/04/09 07:00:00;104;522,25;189;949,08;101
General Oráa;2020/04/09 07:00:00;59;318,06;132;711,59;102
General Ricardos;2020/04/09 07:00:00;95;342,47;183;659,7;103
Getafe Norte;2020/04/09 07:00:00;30;199,6;59;392,55;104
Goya;2020/04/09 07:00:00;229;376,79;502;825,98;105
Gregorio Marañón;2020/04/09 07:00:00;104;366,74;165;581,85;106
Griñón;2020/04/09 07:00:00;68;182,23;143;383,22;107
Guadarrama;2020/04/09 07:00:00;44;278,52;75;474,74;108
Guayaba;2020/04/09 07:00:00;47;264,19;137;770,1;109
Guzmán el Bueno;2020/04/09 07:00:00;86;369,99;163;701,26;110
Huerta de Los Frailes;2020/04/09 07:00:00;90;632,29;154;1081,92;111
Humanes de Madrid;2020/04/09 07:00:00;37;142,51;92;354,34;112
Ibiza;2020/04/09 07:00:00;124;359,45;268;776,88;113
Imperial;2020/04/09 07:00:00;83;313,52;154;581,7;114
Infanta Mercedes;2020/04/09 07:00:00;63;432,22;130;891,88;115
Isabel II;2020/04/09 07:00:00;151;423,37;235;658,89;116
Jazmín;2020/04/09 07:00:00;60;220,73;130;478,26;117
Juan de Austria;2020/04/09 07:00:00;66;310,69;212;997,98;118
Juan de la Cierva;2020/04/09 07:00:00;67;212,56;152;482,23;119
Justicia;2020/04/09 07:00:00;42;261,83;83;517,42;120
La Cabrera;2020/04/09 07:00:00;20;294,9;28;412,86;121
La Elipa;2020/04/09 07:00:00;62;455,05;108;792,66;122
La Garena;2020/04/09 07:00:00;6;89,03;35;519,36;123
La Marazuela;2020/04/09 07:00:00;26;228,55;55;483,47;124
La Moraleja;2020/04/09 07:00:00;40;161,72;76;307,27;125
La Plata;2020/04/09 07:00:00;48;185,95;140;542,34;126
La Princesa;2020/04/09 07:00:00;66;340,47;123;634,51;127
La Ribota;2020/04/09 07:00:00;46;181,12;84;330,75;128
La Ventilla;2020/04/09 07:00:00;116;510,9;242;1065,84;129
La Veredilla;2020/04/09 07:00:00;37;223,59;94;568,04;130
Las Águilas;2020/04/09 07:00:00;142;518,34;222;810,37;131
Las Américas;2020/04/09 07:00:00;41;106,83;106;276,21;132
Las Calesas;2020/04/09 07:00:00;102;340,36;209;697,41;133
Las Ciudades;2020/04/09 07:00:00;34;175,1;85;437,76;134
Las Fronteras;2020/04/09 07:00:00;65;188,54;186;539,51;135
Las Margaritas;2020/04/09 07:00:00;59;211,24;106;379,52;136
Las Matas;2020/04/09 07:00:00;17;144,46;35;297,42;137
Las Olivas;2020/04/09 07:00:00;45;233,52;86;446,29;138
Las Rozas;2020/04/09 07:00:00;71;195,43;154;423,89;139
Las Tablas;2020/04/09 07:00:00;50;157,5;101;318,15;140
Lavapiés;2020/04/09 07:00:00;56;215,31;113;434,46;141
Leganés Norte;2020/04/09 07:00:00;198;1395,94;248;1748,45;142
Legazpi;2020/04/09 07:00:00;83;323,85;158;616,49;143
Londres;2020/04/09 07:00:00;68;490,51;138;995,46;144
Los Alperchines;2020/04/09 07:00:00;89;455,22;177;905,32;145
Los Ángeles;2020/04/09 07:00:00;91;256,19;229;644,71;146
Los Castillos;2020/04/09 07:00:00;141;656,24;241;1121,66;147
Los Cármenes;2020/04/09 07:00:00;54;186,62;120;414,71;148
Los Fresnos;2020/04/09 07:00:00;14;117,41;37;310,3;149
Los Pedroches;2020/04/09 07:00:00;131;515,69;297;1169,15;150
Los Rosales;2020/04/09 07:00:00;66;333,37;149;752,6;151
Los Yébenes;2020/04/09 07:00:00;77;209,01;196;532,03;152
Lucero;2020/04/09 07:00:00;156;384,47;281;692,54;153
Luis Vives;2020/04/09 07:00:00;45;158,38;162;570,18;154
Majadahonda;2020/04/09 07:00:00;85;177,93;226;473,08;155
Manuel Merino;2020/04/09 07:00:00;25;198,98;100;795,92;156
Manzanares El Real;2020/04/09 07:00:00;31;206,76;45;300,14;157
Maqueda;2020/04/09 07:00:00;135;462,42;217;743,3;158
Mar Báltico;2020/04/09 07:00:00;255;431,42;493;834,08;159
Marqués de la Valdavia;2020/04/09 07:00:00;30;177,3;45;265,96;160
Martín de Vargas;2020/04/09 07:00:00;52;287,66;95;525,53;161
Martínez de la Riva;2020/04/09 07:00:00;69;415,59;120;722,76;162
María Curie;2020/04/09 07:00:00;36;263,91;73;535,15;163
María Montessori;2020/04/09 07:00:00;144;946,56;255;1676,2;164
María de Guzmán;2020/04/09 07:00:00;96;443,95;281;1299,48;165
Meco;2020/04/09 07:00:00;52;218,2;170;713,36;166
Media Legua;2020/04/09 07:00:00;127;560,98;217;958,52;167
Mejorada del Campo;2020/04/09 07:00:00;129;293,65;235;534,94;168
Mendiguchía Carriche;2020/04/09 07:00:00;111;434,26;197;770,71;169
Miguel Servet;2020/04/09 07:00:00;67;404,74;113;682,61;170
Miguel de Cervantes;2020/04/09 07:00:00;93;351,17;315;1189,44;171
Miraflores;2020/04/09 07:00:00;62;260,39;106;445,19;172
Mirasierra;2020/04/09 07:00:00;118;383;217;704,34;173
Monforte de Lemos;2020/04/09 07:00:00;65;411,31;119;753,02;174
Monovar;2020/04/09 07:00:00;90;480,49;188;1003,68;175
Montecarmelo;2020/04/09 07:00:00;51;284,31;102;568,63;176
Monterrozas;2020/04/09 07:00:00;152;417,88;236;648,82;177
Montesa;2020/04/09 07:00:00;116;429,38;253;936,48;178
Moralzarzal;2020/04/09 07:00:00;35;268,78;48;368,61;179
Morata de Tajuña;2020/04/09 07:00:00;20;257,5;76;978,5;180
María Jesús Hereza;2020/04/09 07:00:00;250;728,74;470;1370,02;181
Méndez Álvaro;2020/04/09 07:00:00;68;764,13;134;1505,79;182
Navalcarnero;2020/04/09 07:00:00;73;181,44;141;350,46;183
Navas del Rey;2020/04/09 07:00:00;9;132,84;51;752,77;184
Nuestra Señora del Pilar;2020/04/09 07:00:00;42;213,36;107;543,56;185
Numancia;2020/04/09 07:00:00;155;594,51;296;1135,32;186
Nuñez Morgado;2020/04/09 07:00:00;91;397;182;794;187
Opañel;2020/04/09 07:00:00;91;405,15;160;712,35;188
Orcasitas;2020/04/09 07:00:00;44;192,31;104;454,55;189
Orcasur;2020/04/09 07:00:00;38;291,01;79;604,99;190
Pacífico;2020/04/09 07:00:00;127;368,83;267;775,42;191
Palma Universidad;2020/04/09 07:00:00;73;287,1;122;479,8;192
Palomares;2020/04/09 07:00:00;115;646,83;227;1276,79;193
Panaderas;2020/04/09 07:00:00;78;203,99;189;494,29;194
Paracuellos del Jarama;2020/04/09 07:00:00;38;165,15;59;256,42;195
Parque Coimbra;2020/04/09 07:00:00;57;423,01;88;653,06;196
Parque Europa;2020/04/09 07:00:00;43;139,75;109;354,25;197
Parque Loranca;2020/04/09 07:00:00;47;151,34;108;347,77;198
Parque Oeste;2020/04/09 07:00:00;51;358,55;89;625,7;199
Pavones;2020/04/09 07:00:00;72;448,79;142;885,12;200
Perales de Tajuña;2020/04/09 07:00:00;45;509,74;60;679,66;201
Perales del Río;2020/04/09 07:00:00;28;297,43;57;605,48;202
Peña Prieta;2020/04/09 07:00:00;60;302,15;125;629,47;203
Peñagrande;2020/04/09 07:00:00;117;426,31;202;736,02;204
Pilar;2020/04/09 07:00:00;239;551,7;495;1142,63;205
Pinto;2020/04/09 07:00:00;11;49,14;48;214,45;206
Pintores;2020/04/09 07:00:00;44;161,68;114;418,9;207
Pizarro;2020/04/09 07:00:00;83;504,74;139;845,29;208
Portazgo;2020/04/09 07:00:00;125;583,43;237;1106,18;209
Potosí;2020/04/09 07:00:00;117;395,58;211;713,39;210
Pozo de Tío Raimundo;2020/04/09 07:00:00;28;292,46;71;741,59;211
Pozuelo - Estación;2020/04/09 07:00:00;68;186,97;185;508,67;212
Pozuelo - Somosaguas;2020/04/09 07:00:00;34;160,73;94;444,36;213
Presentación Sabio;2020/04/09 07:00:00;70;250,63;139;497,67;214
Prosperidad;2020/04/09 07:00:00;221;394,92;494;882,76;215
Puerta Bonita;2020/04/09 07:00:00;66;375,77;126;717,38;216
Puerta de Madrid;2020/04/09 07:00:00;51;369,48;150;1086,72;217
Puerta del Ángel;2020/04/09 07:00:00;79;379,3;139;667,37;218
Quinta de los Molinos;2020/04/09 07:00:00;38;188,45;85;421,52;219
Rafael Alberti;2020/04/09 07:00:00;59;264,7;120;538,38;220
Ramón y Cajal;2020/04/09 07:00:00;122;523,07;198;848,91;221
Rascafría;2020/04/09 07:00:00;;177,62;6;266,43;222
Reina Victoria;2020/04/09 07:00:00;139;416,89;285;854,78;223
Rejas;2020/04/09 07:00:00;27;156,89;65;377,69;224
Reyes Católicos;2020/04/09 07:00:00;62;307,33;82;406,46;225
Reyes Magos;2020/04/09 07:00:00;123;413,89;302;1016,22;226
Rivas - La Paz;2020/04/09 07:00:00;91;279,75;146;448,83;227
Rivas - Santa Mónica;2020/04/09 07:00:00;86;241,4;159;446,3;228
Rivas - 1º de Mayo;2020/04/09 07:00:00;68;378,28;129;717,62;229
Robledo de Chavela;2020/04/09 07:00:00;11;133,58;21;255,01;230
Rosa Luxemburgo;2020/04/09 07:00:00;79;342,79;116;503,34;231
San Andrés;2020/04/09 07:00:00;52;158,17;122;371,08;232
San Blas;2020/04/09 07:00:00;39;110,02;105;296,2;233
San Cristóbal;2020/04/09 07:00:00;40;189,85;99;469,88;234
San Diego;2020/04/09 07:00:00;130;441,19;228;773,77;235
San Fermín;2020/04/09 07:00:00;77;294,32;193;737,71;236
San Fernando;2020/04/09 07:00:00;59;262,5;113;502,76;237
San Isidro;2020/04/09 07:00:00;69;430,12;154;959,98;238
San Juan de la Cruz;2020/04/09 07:00:00;44;142,96;127;412,65;239
San Lorenzo de El Escorial;2020/04/09 07:00:00;28;138,15;61;300,97;240
San Martín de Valdeiglesias;2020/04/09 07:00:00;26;232,27;61;544,93;241
San Martín de la Vega;2020/04/09 07:00:00;18;88,39;56;274,98;242
Sanchinarro;2020/04/09 07:00:00;96;337,1;182;639,09;243
Santa Eugenia;2020/04/09 07:00:00;123;438,16;277;986,75;244
Sector Embarcaciones;2020/04/09 07:00:00;91;399,25;148;649,32;245
Sector III;2020/04/09 07:00:00;67;234,08;155;541,52;246
Sector Oficios;2020/04/09 07:00:00;58;229,64;87;344,46;247
Segovia;2020/04/09 07:00:00;73;312,55;133;569,45;248
Segre;2020/04/09 07:00:00;90;234,22;208;541,31;249
Sevilla la Nueva;2020/04/09 07:00:00;19;161,61;35;297,69;250
Sierra de Guadarrama;2020/04/09 07:00:00;28;162,06;50;289,39;251
Silvano;2020/04/09 07:00:00;109;286,46;204;536,12;252
Simancas;2020/04/09 07:00:00;107;622,82;198;1152,5;253
Soto del Real;2020/04/09 07:00:00;60;251,57;106;444,44;254
Sánchez Morate;2020/04/09 07:00:00;33;143;70;303,33;255
Torrelaguna;2020/04/09 07:00:00;15;234,89;23;360,16;256
Torrelodones;2020/04/09 07:00:00;69;205,39;118;351,24;257
Torres de la Alameda;2020/04/09 07:00:00;51;232,37;159;724,44;258
V Centenario;2020/04/09 07:00:00;45;213,03;69;326,64;259
Valdeacederas;2020/04/09 07:00:00;120;458,93;251;959,92;260
Valdebernardo;2020/04/09 07:00:00;92;478,15;180;935,5;261
Valdelasfuentes;2020/04/09 07:00:00;62;257,06;98;406,32;262
Valdemorillo;2020/04/09 07:00:00;15;123,75;24;198;263
Valdemoro;2020/04/09 07:00:00;47;125,71;333;890,64;264
Valderribas;2020/04/09 07:00:00;41;225,51;82;451,02;265
Valdezarza;2020/04/09 07:00:00;149;313,24;297;624,37;266
Valle Inclán;2020/04/09 07:00:00;24;232,49;46;445,61;267
Valle de la Oliva;2020/04/09 07:00:00;36;119,22;90;298,04;268
Valleaguado;2020/04/09 07:00:00;102;404,22;190;752,95;269
Vandel;2020/04/09 07:00:00;172;716,16;344;1432,32;270
Vicente Muzas;2020/04/09 07:00:00;60;273,76;109;497,33;271
Vicálvaro - Artilleros;2020/04/09 07:00:00;78;373,8;152;728,42;272
Vicálvaro - Villablanca;2020/04/09 07:00:00;83;610,34;184;1353,04;273
Villa Vallecas;2020/04/09 07:00:00;141;477,24;362;1225,25;274
Villa del Prado;2020/04/09 07:00:00;49;509,73;70;728,18;275
Villaamil;2020/04/09 07:00:00;130;507,65;249;972,35;276
Villanueva de la Cañada;2020/04/09 07:00:00;41;108,93;122;324,13;277
Villanueva del Pardillo;2020/04/09 07:00:00;14;82,89;59;349,34;278
Villarejo de Salvanés;2020/04/09 07:00:00;26;182,79;61;428,85;279
Villaviciosa de Odón;2020/04/09 07:00:00;67;241,53;132;475,85;280
Vinateros - Torito;2020/04/09 07:00:00;157;452,75;293;844,94;281
Virgen de Begoña;2020/04/09 07:00:00;98;951,18;163;1582,06;282
Virgen del Cortijo;2020/04/09 07:00:00;26;182,07;61;427,17;283
Virgen del Val;2020/04/09 07:00:00;46;378,41;130;1069,43;284
Vista Alegre;2020/04/09 07:00:00;68;143,53;163;344,05;285
Zofío;2020/04/09 07:00:00;101;348,56;202;697,13;286
Abrantes;2020/04/08 07:00:00;90;305;176;596,45;001
Acacias;2020/04/08 07:00:00;63;323,89;126;647,78;002
Adelfas;2020/04/08 07:00:00;99;357,37;191;689,48;003
Alameda;2020/04/08 07:00:00;82;380,63;129;598,8;004
Alameda de Osuna;2020/04/08 07:00:00;110;357,96;205;667,1;005
Alcalde Bartolomé González;2020/04/08 07:00:00;99;429,84;150;651,27;006
Alcalá de Guadaira;2020/04/08 07:00:00;49;375,13;111;849,79;007
Alcobendas - Chopera;2020/04/08 07:00:00;44;139,1;71;224,46;008
Alcocer;2020/04/08 07:00:00;72;549,12;140;1067,72;009
Algete;2020/04/08 07:00:00;68;229,25;96;323,65;010
Alicante;2020/04/08 07:00:00;74;262,93;161;572,06;011
Almendrales;2020/04/08 07:00:00;86;313,78;154;561,88;012
Alpedrete;2020/04/08 07:00:00;38;263,29;68;471,14;013
Alpes;2020/04/08 07:00:00;164;422,26;286;736,37;014
Andrés Mellado;2020/04/08 07:00:00;94;387,23;145;597,32;015
Ángela Uriarte;2020/04/08 07:00:00;112;406,67;191;693,51;016
Antonio Leyva;2020/04/08 07:00:00;54;446,47;80;661,43;017
Aquitania;2020/04/08 07:00:00;86;365,1;150;636,81;018
Aranjuez;2020/04/08 07:00:00;136;307,96;245;554,79;019
Aravaca;2020/04/08 07:00:00;107;270,45;194;490,34;020
Arganda del Rey;2020/04/08 07:00:00;100;413,77;139;575,14;021
Arganda - Felicidad;2020/04/08 07:00:00;67;198,37;115;340,48;022
Argüelles;2020/04/08 07:00:00;54;203,9;86;324,72;023
Arroyomolinos;2020/04/08 07:00:00;74;283,64;105;402,47;024
Barajas;2020/04/08 07:00:00;56;255,11;90;410;025
Barcelona;2020/04/08 07:00:00;94;386,96;148;609,25;026
Barrio del Puerto;2020/04/08 07:00:00;30;213,61;60;427,23;027
Baviera;2020/04/08 07:00:00;84;572,4;158;1076,66;028
Benita de Ávila;2020/04/08 07:00:00;107;512,4;180;861,99;029
Boadilla del Monte;2020/04/08 07:00:00;62;117,34;164;310,39;030
Brújula;2020/04/08 07:00:00;44;206,67;127;596,52;031
Buenavista;2020/04/08 07:00:00;65;275,97;142;602,9;032
Buitrago de Lozoya;2020/04/08 07:00:00;12;250;26;541,67;033
Bustarviejo;2020/04/08 07:00:00;123;580,6;211;995,99;034
Butarque;2020/04/08 07:00:00;54;295,58;107;585,69;035
Cadalso de los Vidrios;2020/04/08 07:00:00;6;111,19;18;333,58;036
Campamento;2020/04/08 07:00:00;65;424,25;106;691,86;037
Campo Real;2020/04/08 07:00:00;36;206,16;62;355,06;038
Campo de la Paloma;2020/04/08 07:00:00;83;430,45;153;793,49;039
Canal de Panamá;2020/04/08 07:00:00;74;247,13;165;551,03;040
Canillejas;2020/04/08 07:00:00;122;311,97;207;529,33;041
Carabanchel Alto;2020/04/08 07:00:00;56;259,19;124;573,91;042
Caramuel;2020/04/08 07:00:00;100;409,99;146;598,58;043
Carmen Calzado;2020/04/08 07:00:00;67;403,15;171;1028,94;044
Casa de Campo;2020/04/08 07:00:00;122;919,51;227;1710,88;045
Castelló;2020/04/08 07:00:00;34;151,37;65;289,39;046
Castilla la Nueva;2020/04/08 07:00:00;68;282,1;149;618,13;047
Cea Bermúdez;2020/04/08 07:00:00;93;371,88;145;579,81;048
Cercedilla;2020/04/08 07:00:00;44;308,08;89;623,16;049
Chopera;2020/04/08 07:00:00;131;355,02;219;593,51;050
Ciempozuelos;2020/04/08 07:00:00;56;210,05;143;536,38;051
Ciudad San Pablo;2020/04/08 07:00:00;30;237,02;68;537,25;052
Ciudad de los Periodistas;2020/04/08 07:00:00;200;726,98;338;1228,6;053
Collado Mediano;2020/04/08 07:00:00;18;145,81;28;226,81;054
Collado Villalba Estación;2020/04/08 07:00:00;54;169,05;89;278,61;055
Collado Villalba Pueblo;2020/04/08 07:00:00;50;249,34;85;423,88;056
Colmenar Viejo Norte;2020/04/08 07:00:00;63;262,91;102;425,66;057
Colmenar Viejo Sur;2020/04/08 07:00:00;86;325,26;111;419,82;058
Colmenar de Oreja;2020/04/08 07:00:00;22;124,87;43;244,07;059
Comillas;2020/04/08 07:00:00;75;329,28;139;610,26;060
Cortes;2020/04/08 07:00:00;85;284,73;162;542,66;061
Coslada - Jaime Vera;2020/04/08 07:00:00;58;433,22;99;739,47;062
Cuzco;2020/04/08 07:00:00;75;307,83;148;607,45;063
Daganzo de Arriba;2020/04/08 07:00:00;28;162,6;55;319,4;064
Daroca;2020/04/08 07:00:00;121;289,01;207;494,42;065
Dehesa Vieja;2020/04/08 07:00:00;56;204,4;80;292;066
Dos de Mayo;2020/04/08 07:00:00;136;370,81;200;545,32;067
Doctor Cirajas;2020/04/08 07:00:00;148;387;248;648,48;068
Doctor Laín Entralgo;2020/04/08 07:00:00;136;538,55;190;752,39;069
Doctor Luengo Rodríguez;2020/04/08 07:00:00;91;274,61;135;407,39;070
Doctor Tamames;2020/04/08 07:00:00;84;363,95;161;697,57;071
Doctor Trueta;2020/04/08 07:00:00;50;390,78;73;570,54;072
El Bercial;2020/04/08 07:00:00;28;194,12;42;291,18;073
El Escorial;2020/04/08 07:00:00;19;114,3;42;252,66;074
El Espinillo;2020/04/08 07:00:00;62;336,99;132;717,47;075
El Greco;2020/04/08 07:00:00;24;109,27;49;223,1;076
El Juncal;2020/04/08 07:00:00;80;283,32;188;665,79;077
El Molar;2020/04/08 07:00:00;49;149,87;79;241,63;078
El Naranjo;2020/04/08 07:00:00;49;238,2;99;481,26;079
El Pardo;2020/04/08 07:00:00;24;832,47;45;1560,87;080
El Restón;2020/04/08 07:00:00;57;146,12;195;499,88;081
El Soto;2020/04/08 07:00:00;88;453,12;136;700,27;082
Eloy Gonzalo;2020/04/08 07:00:00;120;340,27;185;524,58;083
Embajadores;2020/04/08 07:00:00;133;430,73;204;660,66;084
Ensanche Vallecas;2020/04/08 07:00:00;151;308,09;313;638,62;085
Entrevías;2020/04/08 07:00:00;118;415,36;206;725,12;086
Espronceda;2020/04/08 07:00:00;190;466,96;282;693,06;087
Estrecho de Corea;2020/04/08 07:00:00;136;426,85;249;781,52;088
Estrella;2020/04/08 07:00:00;66;453,86;121;832,07;089
Europa;2020/04/08 07:00:00;134;665,24;206;1022,69;090
Federica Montseny;2020/04/08 07:00:00;165;744,79;319;1439,92;091
Felipe II;2020/04/08 07:00:00;88;415,13;141;665,16;092
Francia;2020/04/08 07:00:00;85;226,43;177;471,51;093
Fuencarral;2020/04/08 07:00:00;69;257,36;115;428,93;094
Fuente el Saz;2020/04/08 07:00:00;34;181,04;52;276,89;095
Fuentelarreina;2020/04/08 07:00:00;107;491,8;172;790,55;096
Galapagar;2020/04/08 07:00:00;65;157,54;135;327,2;097
Gandhi;2020/04/08 07:00:00;59;305,81;102;528,69;098
García Noblejas;2020/04/08 07:00:00;65;276,08;121;513,93;099
General Fanjul;2020/04/08 07:00:00;114;491;173;745,11;100
General Moscardó;2020/04/08 07:00:00;111;557,4;183;918,95;101
General Oráa;2020/04/08 07:00:00;58;312,67;127;684,64;102
General Ricardos;2020/04/08 07:00:00;116;418,17;175;630,86;103
Getafe Norte;2020/04/08 07:00:00;32;212,91;58;385,89;104
Goya;2020/04/08 07:00:00;239;393,25;484;796,37;105
Gregorio Marañón;2020/04/08 07:00:00;99;349,11;151;532,48;106
Griñón;2020/04/08 07:00:00;71;190,27;134;359,1;107
Guadarrama;2020/04/08 07:00:00;43;272,19;69;436,76;108
Guayaba;2020/04/08 07:00:00;61;342,89;134;753,23;109
Guzmán el Bueno;2020/04/08 07:00:00;97;417,31;158;679,75;110
Huerta de Los Frailes;2020/04/08 07:00:00;92;646,34;148;1039,76;111
Humanes de Madrid;2020/04/08 07:00:00;44;169,47;91;350,49;112
Ibiza;2020/04/08 07:00:00;133;385,54;253;733,4;113
Imperial;2020/04/08 07:00:00;93;351,29;148;559,04;114
Infanta Mercedes;2020/04/08 07:00:00;73;500,82;128;878,16;115
Isabel II;2020/04/08 07:00:00;154;431,78;228;639,26;116
Jazmín;2020/04/08 07:00:00;67;246,49;129;474,58;117
Juan de Austria;2020/04/08 07:00:00;67;315,4;209;983,85;118
Juan de la Cierva;2020/04/08 07:00:00;66;209,39;145;460,03;119
Justicia;2020/04/08 07:00:00;47;293;83;517,42;120
La Cabrera;2020/04/08 07:00:00;18;265,41;26;383,37;121
La Elipa;2020/04/08 07:00:00;66;484,4;105;770,64;122
La Garena;2020/04/08 07:00:00;8;118,71;34;504,53;123
La Marazuela;2020/04/08 07:00:00;26;228,55;53;465,89;124
La Moraleja;2020/04/08 07:00:00;43;173,85;74;299,18;125
La Plata;2020/04/08 07:00:00;61;236,31;141;546,22;126
La Princesa;2020/04/08 07:00:00;70;361,1;118;608,72;127
La Ribota;2020/04/08 07:00:00;49;192,94;78;307,12;128
La Ventilla;2020/04/08 07:00:00;128;563,75;234;1030,61;129
La Veredilla;2020/04/08 07:00:00;39;235,68;93;562;130
Las Águilas;2020/04/08 07:00:00;158;576,75;215;784,81;131
Las Américas;2020/04/08 07:00:00;48;125,07;104;271;132
Las Calesas;2020/04/08 07:00:00;120;400,43;206;687,4;133
Las Ciudades;2020/04/08 07:00:00;39;200,85;83;427,46;134
Las Fronteras;2020/04/08 07:00:00;70;203,04;184;533,7;135
Las Margaritas;2020/04/08 07:00:00;54;193,34;96;343,72;136
Las Matas;2020/04/08 07:00:00;17;144,46;35;297,42;137
Las Olivas;2020/04/08 07:00:00;51;264,66;84;435,91;138
Las Rozas;2020/04/08 07:00:00;76;209,19;153;421,14;139
Las Tablas;2020/04/08 07:00:00;52;163,8;101;318,15;140
Lavapiés;2020/04/08 07:00:00;60;230,69;107;411,4;141
Leganés Norte;2020/04/08 07:00:00;197;1388,89;242;1706,15;142
Legazpi;2020/04/08 07:00:00;93;362,87;153;596,98;143
Londres;2020/04/08 07:00:00;74;533,79;139;1002,67;144
Los Alperchines;2020/04/08 07:00:00;92;470,56;171;874,64;145
Los Ángeles;2020/04/08 07:00:00;108;304,05;223;627,82;146
Los Castillos;2020/04/08 07:00:00;144;670,2;229;1065,81;147
Los Cármenes;2020/04/08 07:00:00;62;214,27;117;404,34;148
Los Fresnos;2020/04/08 07:00:00;13;109,02;36;301,91;149
Los Pedroches;2020/04/08 07:00:00;132;519,62;286;1125,85;150
Los Rosales;2020/04/08 07:00:00;77;388,93;143;722,3;151
Los Yébenes;2020/04/08 07:00:00;92;249,73;191;518,46;152
Lucero;2020/04/08 07:00:00;189;465,8;268;660,51;153
Luis Vives;2020/04/08 07:00:00;46;161,9;162;570,18;154
Majadahonda;2020/04/08 07:00:00;90;188,39;217;454,24;155
Manuel Merino;2020/04/08 07:00:00;28;222,86;99;787,97;156
Manzanares El Real;2020/04/08 07:00:00;32;213,43;45;300,14;157
Maqueda;2020/04/08 07:00:00;148;506,95;211;722,75;158
Mar Báltico;2020/04/08 07:00:00;278;470,33;483;817,16;159
Marqués de la Valdavia;2020/04/08 07:00:00;33;195,04;44;260,05;160
Martín de Vargas;2020/04/08 07:00:00;57;315,32;94;520;161
Martínez de la Riva;2020/04/08 07:00:00;73;439,68;116;698,67;162
María Curie;2020/04/08 07:00:00;41;300,56;73;535,15;163
María Montessori;2020/04/08 07:00:00;149;979,43;250;1643,33;164
María de Guzmán;2020/04/08 07:00:00;106;490,2;277;1280,98;165
Meco;2020/04/08 07:00:00;55;230,79;169;709,16;166
Media Legua;2020/04/08 07:00:00;134;591,9;207;914,35;167
Mejorada del Campo;2020/04/08 07:00:00;128;291,37;226;514,45;168
Mendiguchía Carriche;2020/04/08 07:00:00;114;445,99;193;755,06;169
Miguel Servet;2020/04/08 07:00:00;68;410,78;110;664,49;170
Miguel de Cervantes;2020/04/08 07:00:00;98;370,05;315;1189,44;171
Miraflores;2020/04/08 07:00:00;67;281,39;104;436,79;172
Mirasierra;2020/04/08 07:00:00;126;408,97;207;671,88;173
Monforte de Lemos;2020/04/08 07:00:00;67;423,97;115;727,71;174
Monovar;2020/04/08 07:00:00;96;512,52;180;960,97;175
Montecarmelo;2020/04/08 07:00:00;61;340,06;101;563,05;176
Monterrozas;2020/04/08 07:00:00;158;434,38;234;643,32;177
Montesa;2020/04/08 07:00:00;126;466,39;245;906,87;178
Moralzarzal;2020/04/08 07:00:00;33;253,42;44;337,89;179
Morata de Tajuña;2020/04/08 07:00:00;24;309;76;978,5;180
María Jesús Hereza;2020/04/08 07:00:00;251;731,65;454;1323,38;181
Méndez Álvaro;2020/04/08 07:00:00;73;820,32;135;1517,02;182
Navalcarnero;2020/04/08 07:00:00;74;183,93;138;343;183
Navas del Rey;2020/04/08 07:00:00;11;162,36;51;752,77;184
Nuestra Señora del Pilar;2020/04/08 07:00:00;43;218,44;106;538,48;185
Numancia;2020/04/08 07:00:00;166;636,7;286;1096,96;186
Nuñez Morgado;2020/04/08 07:00:00;102;444,99;176;767,82;187
Opañel;2020/04/08 07:00:00;102;454,12;154;685,63;188
Orcasitas;2020/04/08 07:00:00;53;231,64;103;450,17;189
Orcasur;2020/04/08 07:00:00;44;336,96;79;604,99;190
Pacífico;2020/04/08 07:00:00;130;377,54;251;728,95;191
Palma Universidad;2020/04/08 07:00:00;69;271,37;112;440,48;192
Palomares;2020/04/08 07:00:00;115;646,83;214;1203,67;193
Panaderas;2020/04/08 07:00:00;97;253,68;188;491,67;194
Paracuellos del Jarama;2020/04/08 07:00:00;35;152,11;55;239,04;195
Parque Coimbra;2020/04/08 07:00:00;54;400,74;78;578,85;196
Parque Europa;2020/04/08 07:00:00;53;172,25;106;344,5;197
Parque Loranca;2020/04/08 07:00:00;53;170,66;107;344,55;198
Parque Oeste;2020/04/08 07:00:00;54;379,64;86;604,61;199
Pavones;2020/04/08 07:00:00;86;536,06;140;872,65;200
Perales de Tajuña;2020/04/08 07:00:00;48;543,72;60;679,66;201
Perales del Río;2020/04/08 07:00:00;32;339,92;55;584,24;202
Peña Prieta;2020/04/08 07:00:00;66;332,36;124;624,43;203
Peñagrande;2020/04/08 07:00:00;126;459,1;196;714,16;204
Pilar;2020/04/08 07:00:00;261;602,48;482;1112,62;205
Pinto;2020/04/08 07:00:00;13;58,08;47;209,98;206
Pintores;2020/04/08 07:00:00;47;172,71;111;407,88;207
Pizarro;2020/04/08 07:00:00;86;522,99;136;827,05;208
Portazgo;2020/04/08 07:00:00;134;625,44;227;1059,51;209
Potosí;2020/04/08 07:00:00;127;429,39;209;706,63;210
Pozo de Tío Raimundo;2020/04/08 07:00:00;34;355,13;70;731,15;211
Pozuelo - Estación;2020/04/08 07:00:00;68;186,97;179;492,18;212
Pozuelo - Somosaguas;2020/04/08 07:00:00;32;151,27;92;434,91;213
Presentación Sabio;2020/04/08 07:00:00;73;261,37;137;490,51;214
Prosperidad;2020/04/08 07:00:00;254;453,89;485;866,68;215
Puerta Bonita;2020/04/08 07:00:00;78;444,09;123;700,3;216
Puerta de Madrid;2020/04/08 07:00:00;51;369,48;148;1072,23;217
Puerta del Ángel;2020/04/08 07:00:00;94;451,32;133;638,56;218
Quinta de los Molinos;2020/04/08 07:00:00;45;223,16;84;416,56;219
Rafael Alberti;2020/04/08 07:00:00;60;269,19;113;506,98;220
Ramón y Cajal;2020/04/08 07:00:00;128;548,79;187;801,75;221
Rascafría;2020/04/08 07:00:00;;177,62;6;266,43;222
Reina Victoria;2020/04/08 07:00:00;153;458,88;276;827,78;223
Rejas;2020/04/08 07:00:00;31;180,13;64;371,88;224
Reyes Católicos;2020/04/08 07:00:00;58;287,5;77;381,68;225
Reyes Magos;2020/04/08 07:00:00;126;423,99;299;1006,12;226
Rivas - La Paz;2020/04/08 07:00:00;94;288,97;144;442,68;227
Rivas - Santa Mónica;2020/04/08 07:00:00;95;266,66;156;437,88;228
Rivas - 1º de Mayo;2020/04/08 07:00:00;72;400,53;126;700,93;229
Robledo de Chavela;2020/04/08 07:00:00;11;133,58;20;242,87;230
Rosa Luxemburgo;2020/04/08 07:00:00;83;360,15;112;485,98;231
San Andrés;2020/04/08 07:00:00;59;179,46;116;352,83;232
San Blas;2020/04/08 07:00:00;40;112,84;104;293,38;233
San Cristóbal;2020/04/08 07:00:00;55;261,05;98;465,14;234
San Diego;2020/04/08 07:00:00;147;498,88;225;763,59;235
San Fermín;2020/04/08 07:00:00;94;359,3;187;714,78;236
San Fernando;2020/04/08 07:00:00;54;240,26;103;458,27;237
San Isidro;2020/04/08 07:00:00;83;517,39;149;928,81;238
San Juan de la Cruz;2020/04/08 07:00:00;44;142,96;121;393,15;239
San Lorenzo de El Escorial;2020/04/08 07:00:00;26;128,28;55;271,36;240
San Martín de Valdeiglesias;2020/04/08 07:00:00;25;223,33;61;544,93;241
San Martín de la Vega;2020/04/08 07:00:00;29;142,4;56;274,98;242
Sanchinarro;2020/04/08 07:00:00;95;333,59;171;600,46;243
Santa Eugenia;2020/04/08 07:00:00;143;509,4;270;961,81;244
Sector Embarcaciones;2020/04/08 07:00:00;94;412,41;141;618,61;245
Sector III;2020/04/08 07:00:00;72;251,55;154;538,03;246
Sector Oficios;2020/04/08 07:00:00;57;225,68;81;320,7;247
Segovia;2020/04/08 07:00:00;78;333,96;127;543,76;248
Segre;2020/04/08 07:00:00;97;252,44;201;523,1;249
Sevilla la Nueva;2020/04/08 07:00:00;16;136,09;32;272,18;250
Sierra de Guadarrama;2020/04/08 07:00:00;28;162,06;48;277,81;251
Silvano;2020/04/08 07:00:00;121;317,99;201;528,24;252
Simancas;2020/04/08 07:00:00;114;663,56;189;1100,12;253
Soto del Real;2020/04/08 07:00:00;64;268,34;101;423,48;254
Sánchez Morate;2020/04/08 07:00:00;34;147,33;70;303,33;255
Torrelaguna;2020/04/08 07:00:00;16;250,55;23;360,16;256
Torrelodones;2020/04/08 07:00:00;72;214,32;115;342,31;257
Torres de la Alameda;2020/04/08 07:00:00;52;236,92;155;706,21;258
V Centenario;2020/04/08 07:00:00;41;194,09;62;293,51;259
Valdeacederas;2020/04/08 07:00:00;141;539,24;246;940,8;260
Valdebernardo;2020/04/08 07:00:00;101;524,92;177;919,91;261
Valdelasfuentes;2020/04/08 07:00:00;69;286,08;95;393,88;262
Valdemorillo;2020/04/08 07:00:00;16;132;22;181,5;263
Valdemoro;2020/04/08 07:00:00;72;192,57;328;877,26;264
Valderribas;2020/04/08 07:00:00;40;220,01;78;429,02;265
Valdezarza;2020/04/08 07:00:00;161;338,46;289;607,55;266
Valle Inclán;2020/04/08 07:00:00;33;319,67;45;435,92;267
Valle de la Oliva;2020/04/08 07:00:00;38;125,84;89;294,73;268
Valleaguado;2020/04/08 07:00:00;99;392,33;179;709,36;269
Vandel;2020/04/08 07:00:00;179;745,31;333;1386,52;270
Vicente Muzas;2020/04/08 07:00:00;65;296,57;105;479,08;271
Vicálvaro - Artilleros;2020/04/08 07:00:00;81;388,17;149;714,05;272
Vicálvaro - Villablanca;2020/04/08 07:00:00;88;647,11;179;1316,27;273
Villa Vallecas;2020/04/08 07:00:00;173;585,55;359;1215,1;274
Villa del Prado;2020/04/08 07:00:00;44;457,71;64;665,77;275
Villaamil;2020/04/08 07:00:00;142;554,51;245;956,73;276
Villanueva de la Cañada;2020/04/08 07:00:00;44;116,9;119;316,16;277
Villanueva del Pardillo;2020/04/08 07:00:00;11;65,13;56;331,58;278
Villarejo de Salvanés;2020/04/08 07:00:00;35;246,06;61;428,85;279
Villaviciosa de Odón;2020/04/08 07:00:00;69;248,74;128;461,43;280
Vinateros - Torito;2020/04/08 07:00:00;166;478,7;288;830,52;281
Virgen de Begoña;2020/04/08 07:00:00;104;1009,41;157;1523,83;282
Virgen del Cortijo;2020/04/08 07:00:00;30;210,08;60;420,17;283
Virgen del Val;2020/04/08 07:00:00;50;411,32;130;1069,43;284
Vista Alegre;2020/04/08 07:00:00;64;135,09;154;325,05;285
Zofío;2020/04/08 07:00:00;119;410,68;197;679,87;286
